1	386577.21 	3124941.98 	276.28 	1.39 	1	1
2	386577.21 	3124941.98 	276.28 	1.42 	1	1
3	386577.18 	3124941.99 	276.28 	1.53 	1	1
4	386577.13 	3124942.00 	276.25 	1.63 	1	1
5	386577.08 	3124942.00 	276.25 	1.73 	1	1
6	386577.03 	3124942.02 	276.24 	1.84 	1	1
7	386576.98 	3124942.02 	276.24 	1.95 	1	1
8	386576.92 	3124942.03 	276.23 	2.06 	1	1
9	386576.85 	3124942.04 	276.23 	2.17 	1	1
10	386576.80 	3124942.04 	276.19 	2.27 	1	1
11	386576.73 	3124942.05 	276.15 	2.37 	1	1
12	386576.65 	3124942.05 	276.13 	2.47 	1	1
13	386576.60 	3124942.07 	276.13 	2.56 	1	1
14	386576.52 	3124942.08 	276.13 	2.67 	1	1
15	386576.45 	3124942.09 	276.11 	2.76 	1	1
16	386576.37 	3124942.10 	276.06 	2.87 	1	1
17	386576.28 	3124942.11 	276.03 	2.97 	1	1
18	386576.20 	3124942.11 	275.99 	3.06 	1	1
19	386576.12 	3124942.14 	275.96 	3.15 	1	1
20	386576.03 	3124942.14 	275.94 	3.24 	1	1
21	386575.93 	3124942.15 	275.93 	3.34 	1	1
22	386575.84 	3124942.17 	275.92 	3.50 	1	1
23	386575.75 	3124942.17 	275.89 	3.59 	1	1
24	386575.65 	3124942.18 	275.88 	3.68 	1	1
25	386575.55 	3124942.20 	275.85 	3.76 	1	1
26	386575.44 	3124942.21 	275.81 	3.83 	1	1
27	386575.34 	3124942.22 	275.75 	3.91 	1	1
28	386575.24 	3124942.23 	275.67 	3.99 	1	1
29	386575.14 	3124942.24 	275.61 	4.06 	1	1
30	386575.03 	3124942.26 	275.60 	4.13 	1	1
31	386574.92 	3124942.27 	275.57 	4.18 	1	1
32	386574.83 	3124942.28 	275.51 	4.20 	1	1
33	386574.71 	3124942.29 	275.46 	4.27 	1	1
34	386574.59 	3124942.30 	275.43 	4.33 	1	1
35	386574.48 	3124942.32 	275.42 	4.38 	1	1
36	386574.35 	3124942.33 	275.40 	4.45 	1	1
37	386574.24 	3124942.34 	275.35 	4.51 	1	1
38	386574.13 	3124942.35 	275.33 	4.58 	1	1
39	386574.01 	3124942.37 	275.30 	4.65 	1	1
40	386573.88 	3124942.39 	275.25 	4.72 	1	1
41	386573.76 	3124942.40 	275.23 	4.75 	1	1
42	386573.68 	3124942.40 	275.23 	4.65 	1	1
43	386573.52 	3124942.43 	275.21 	4.71 	1	1
44	386573.39 	3124942.44 	275.18 	4.77 	1	1
45	386573.26 	3124942.45 	275.15 	4.84 	1	1
46	386573.13 	3124942.46 	275.11 	4.90 	1	1
47	386573.00 	3124942.48 	275.07 	4.97 	1	1
48	386572.87 	3124942.50 	275.04 	5.03 	1	1
49	386572.74 	3124942.51 	275.02 	5.09 	1	1
50	386572.59 	3124942.53 	275.00 	5.17 	1	1
51	386572.47 	3124942.54 	274.95 	5.19 	1	1
52	386572.36 	3124942.53 	274.94 	5.06 	1	1
53	386572.19 	3124942.56 	274.90 	5.14 	1	1
54	386572.05 	3124942.58 	274.84 	5.21 	1	1
55	386571.91 	3124942.60 	274.79 	5.27 	1	1
56	386571.77 	3124942.61 	274.75 	5.33 	1	1
57	386571.62 	3124942.62 	274.71 	5.39 	1	1
58	386571.47 	3124942.64 	274.70 	5.47 	1	1
59	386571.33 	3124942.65 	274.67 	5.53 	1	1
60	386571.18 	3124942.67 	274.63 	5.60 	1	1
61	386571.03 	3124942.68 	274.57 	5.62 	1	1
62	386570.91 	3124942.66 	274.52 	5.49 	1	1
63	386570.74 	3124942.71 	274.46 	5.55 	1	1
64	386570.59 	3124942.72 	274.43 	5.60 	1	1
65	386570.43 	3124942.73 	274.42 	5.68 	1	1
66	386570.27 	3124942.76 	274.40 	5.73 	1	1
67	386570.12 	3124942.77 	274.39 	5.78 	1	1
68	386569.96 	3124942.79 	274.36 	5.84 	1	1
69	386569.80 	3124942.80 	274.33 	5.90 	1	1
70	386569.64 	3124942.82 	274.29 	5.94 	1	1
71	386569.49 	3124942.83 	274.27 	5.95 	1	1
72	386569.35 	3124942.82 	274.27 	5.83 	1	1
73	386569.18 	3124942.86 	274.26 	5.86 	1	1
74	386569.02 	3124942.88 	274.26 	5.92 	1	1
75	386568.85 	3124942.89 	274.30 	5.98 	1	1
76	386568.68 	3124942.90 	274.34 	6.02 	1	1
77	386568.52 	3124942.91 	274.40 	6.04 	1	1
78	386568.35 	3124942.93 	274.53 	6.06 	1	1
79	386568.19 	3124942.94 	274.66 	6.09 	1	1
80	386568.03 	3124942.97 	274.80 	6.11 	1	1
81	386567.87 	3124942.99 	274.95 	6.11 	1	1
82	386567.72 	3124942.99 	275.16 	5.97 	1	1
83	386567.55 	3124943.03 	275.37 	6.00 	1	1
84	386567.38 	3124943.05 	275.63 	6.02 	1	1
85	386567.21 	3124943.07 	275.92 	6.05 	1	1
86	386567.05 	3124943.10 	276.24 	6.08 	1	1
87	386566.89 	3124943.11 	276.60 	6.10 	1	1
88	386566.72 	3124943.15 	276.97 	6.11 	1	1
89	386566.56 	3124943.17 	277.41 	6.14 	1	1
90	386566.39 	3124943.21 	277.88 	6.19 	1	1
91	386566.23 	3124943.23 	278.33 	6.19 	1	1
92	386566.07 	3124943.24 	278.80 	6.10 	1	1
93	386565.90 	3124943.29 	279.36 	6.12 	1	1
94	386565.73 	3124943.34 	279.94 	6.14 	1	1
95	386565.58 	3124943.37 	280.58 	6.15 	1	1
96	386565.41 	3124943.42 	281.23 	6.19 	1	1
97	386565.25 	3124943.45 	281.91 	6.21 	1	1
98	386565.09 	3124943.50 	282.60 	6.22 	1	1
99	386564.93 	3124943.55 	283.30 	6.23 	1	1
100	386564.76 	3124943.60 	284.04 	6.26 	1	1
101	386564.61 	3124943.64 	284.79 	6.25 	1	1
102	386564.48 	3124943.68 	285.51 	6.10 	1	1
103	386564.31 	3124943.75 	286.26 	6.13 	1	1
104	386564.15 	3124943.81 	287.05 	6.17 	1	1
105	386563.99 	3124943.88 	287.83 	6.20 	1	1
106	386563.84 	3124943.94 	288.58 	6.23 	1	1
107	386563.68 	3124944.01 	289.35 	6.26 	1	1
108	386563.52 	3124944.07 	290.14 	6.30 	1	1
109	386563.37 	3124944.14 	290.91 	6.33 	1	1
110	386563.21 	3124944.21 	291.69 	6.36 	1	1
111	386563.06 	3124944.29 	292.47 	6.33 	1	1
112	386562.94 	3124944.35 	293.28 	6.14 	1	1
113	386562.76 	3124944.43 	294.08 	6.17 	1	1
114	386562.62 	3124944.51 	294.86 	6.21 	1	1
115	386562.47 	3124944.60 	295.64 	6.25 	1	1
116	386562.32 	3124944.67 	296.40 	6.29 	1	1
117	386562.17 	3124944.76 	297.16 	6.34 	1	1
118	386562.02 	3124944.85 	297.91 	6.37 	1	1
119	386561.87 	3124944.94 	298.65 	6.42 	1	1
120	386561.73 	3124945.04 	299.35 	6.47 	1	1
121	386561.58 	3124945.12 	299.98 	6.48 	1	1
122	386561.47 	3124945.21 	300.54 	6.35 	1	1
123	386561.31 	3124945.32 	301.09 	6.39 	1	1
124	386561.17 	3124945.42 	301.62 	6.42 	1	1
125	386561.04 	3124945.51 	302.08 	6.41 	1	1
126	386560.89 	3124945.61 	302.49 	6.40 	1	1
127	386560.75 	3124945.71 	302.83 	6.38 	1	1
128	386560.62 	3124945.81 	303.07 	6.37 	1	1
129	386560.48 	3124945.91 	303.22 	6.37 	1	1
130	386560.35 	3124946.02 	303.30 	6.35 	1	1
131	386560.22 	3124946.11 	303.25 	6.27 	1	1
132	386560.12 	3124946.17 	303.09 	6.06 	1	1
133	386559.95 	3124946.28 	302.92 	6.02 	1	1
134	386559.81 	3124946.37 	302.64 	5.98 	1	1
135	386559.68 	3124946.46 	302.36 	5.96 	1	1
136	386559.56 	3124946.55 	302.04 	5.94 	1	1
137	386559.42 	3124946.61 	301.69 	5.93 	1	1
138	386559.29 	3124946.71 	301.30 	5.93 	1	1
139	386559.16 	3124946.77 	300.94 	5.91 	1	1
140	386559.03 	3124946.87 	300.53 	5.91 	1	1
141	386558.90 	3124946.94 	300.15 	5.87 	1	1
142	386558.77 	3124946.94 	299.76 	5.75 	1	1
143	386558.63 	3124947.05 	299.31 	5.76 	1	1
144	386558.49 	3124947.13 	298.83 	5.77 	1	1
145	386558.37 	3124947.20 	298.32 	5.76 	1	1
146	386558.24 	3124947.28 	297.78 	5.75 	1	1
147	386558.11 	3124947.34 	297.20 	5.74 	1	1
148	386557.97 	3124947.41 	296.60 	5.73 	1	1
149	386557.84 	3124947.47 	295.94 	5.71 	1	1
150	386557.70 	3124947.55 	295.18 	5.69 	1	1
151	386557.57 	3124947.59 	294.37 	5.61 	1	1
152	386557.45 	3124947.56 	293.49 	5.46 	1	1
153	386557.30 	3124947.67 	292.54 	5.42 	1	1
154	386557.16 	3124947.73 	291.58 	5.40 	1	1
155	386557.03 	3124947.77 	290.59 	5.36 	1	1
156	386556.90 	3124947.82 	289.54 	5.32 	1	1
157	386556.78 	3124947.85 	288.44 	5.27 	1	1
158	386556.64 	3124947.89 	287.37 	5.25 	1	1
159	386556.52 	3124947.90 	286.29 	5.24 	1	1
160	386556.38 	3124947.95 	285.18 	5.22 	1	1
161	386556.25 	3124947.96 	284.08 	5.13 	1	1
162	386556.16 	3124947.89 	282.98 	4.90 	1	1
163	386556.00 	3124947.99 	281.74 	4.86 	1	1
164	386555.86 	3124948.01 	280.52 	4.82 	1	1
165	386555.74 	3124948.02 	279.29 	4.80 	1	1
166	386555.61 	3124948.04 	277.99 	4.79 	1	1
167	386555.49 	3124948.04 	276.72 	4.76 	1	1
168	386555.35 	3124948.05 	275.44 	4.72 	1	1
169	386555.23 	3124948.04 	274.13 	4.69 	1	1
170	386555.10 	3124948.06 	272.82 	4.66 	1	1
171	386554.98 	3124948.03 	271.53 	4.61 	1	1
172	386554.88 	3124947.91 	270.27 	4.48 	1	1
173	386554.74 	3124947.99 	268.94 	4.43 	1	1
174	386554.63 	3124947.98 	267.62 	4.38 	1	1
175	386554.51 	3124947.96 	266.33 	4.33 	1	1
176	386554.39 	3124947.94 	265.04 	4.28 	1	1
177	386554.27 	3124947.91 	263.75 	4.23 	1	1
178	386554.16 	3124947.90 	262.48 	4.20 	1	1
179	386554.05 	3124947.86 	261.25 	4.18 	1	1
180	386553.94 	3124947.84 	260.10 	4.15 	1	1
181	386553.83 	3124947.78 	258.98 	4.13 	1	1
182	386553.75 	3124947.64 	257.95 	4.06 	1	1
183	386553.62 	3124947.73 	256.97 	4.06 	1	1
184	386553.51 	3124947.68 	256.02 	4.07 	1	1
185	386553.41 	3124947.65 	255.15 	4.07 	1	1
186	386553.30 	3124947.62 	254.29 	4.07 	1	1
187	386553.19 	3124947.58 	253.49 	4.07 	1	1
188	386553.08 	3124947.54 	252.73 	4.08 	1	1
189	386552.97 	3124947.50 	252.04 	4.10 	1	1
190	386552.87 	3124947.46 	251.42 	4.11 	1	1
191	386552.76 	3124947.42 	250.88 	4.14 	1	1
192	386552.64 	3124947.39 	250.50 	4.16 	1	1
193	386552.53 	3124947.35 	250.05 	4.17 	1	1
194	386552.42 	3124947.31 	249.64 	4.19 	1	1
195	386552.31 	3124947.26 	249.30 	4.21 	1	1
196	386552.20 	3124947.22 	249.03 	4.22 	1	1
197	386552.09 	3124947.18 	248.81 	4.23 	1	1
198	386551.98 	3124947.13 	248.68 	4.23 	1	1
199	386551.86 	3124947.09 	248.65 	4.22 	1	1
200	386551.75 	3124947.04 	248.70 	4.20 	1	1
201	386551.63 	3124947.00 	248.80 	4.22 	1	1
202	386551.49 	3124946.99 	248.98 	4.33 	1	1
203	386551.40 	3124946.93 	249.13 	4.31 	1	1
204	386551.29 	3124946.89 	249.29 	4.32 	1	1
205	386551.17 	3124946.85 	249.52 	4.32 	1	1
206	386551.06 	3124946.81 	249.75 	4.32 	1	1
207	386550.95 	3124946.78 	250.01 	4.32 	1	1
208	386550.83 	3124946.73 	250.28 	4.31 	1	1
209	386550.72 	3124946.70 	250.62 	4.30 	1	1
210	386550.60 	3124946.67 	250.96 	4.29 	1	1
211	386550.48 	3124946.64 	251.31 	4.29 	1	1
212	386550.35 	3124946.60 	251.67 	4.33 	1	1
213	386550.25 	3124946.56 	252.08 	4.33 	1	1
214	386550.13 	3124946.53 	252.50 	4.34 	1	1
215	386550.01 	3124946.50 	252.97 	4.34 	1	1
216	386549.89 	3124946.48 	253.44 	4.35 	1	1
217	386549.77 	3124946.45 	253.96 	4.36 	1	1
218	386549.65 	3124946.42 	254.56 	4.36 	1	1
219	386549.53 	3124946.39 	255.20 	4.36 	1	1
220	386549.41 	3124946.37 	255.87 	4.36 	1	1
221	386549.28 	3124946.36 	256.56 	4.39 	1	1
222	386549.15 	3124946.34 	257.24 	4.45 	1	1
223	386549.04 	3124946.32 	258.01 	4.44 	1	1
224	386548.91 	3124946.30 	258.80 	4.45 	1	1
225	386548.79 	3124946.29 	259.63 	4.45 	1	1
226	386548.67 	3124946.28 	260.47 	4.45 	1	1
227	386548.54 	3124946.28 	261.34 	4.46 	1	1
228	386548.42 	3124946.27 	262.24 	4.49 	1	1
229	386548.29 	3124946.27 	263.13 	4.52 	1	1
230	386548.17 	3124946.27 	264.00 	4.55 	1	1
231	386548.04 	3124946.26 	264.90 	4.56 	1	1
232	386547.90 	3124946.24 	265.80 	4.57 	1	1
233	386547.78 	3124946.26 	266.71 	4.60 	1	1
234	386547.66 	3124946.27 	267.61 	4.63 	1	1
235	386547.53 	3124946.28 	268.50 	4.65 	1	1
236	386547.40 	3124946.29 	269.44 	4.66 	1	1
237	386547.27 	3124946.30 	270.38 	4.67 	1	1
238	386547.14 	3124946.31 	271.34 	4.70 	1	1
239	386547.01 	3124946.33 	272.31 	4.73 	1	1
240	386546.88 	3124946.35 	273.30 	4.75 	1	1
241	386546.75 	3124946.37 	274.26 	4.76 	1	1
242	386546.62 	3124946.36 	275.19 	4.74 	1	1
243	386546.49 	3124946.41 	276.21 	4.76 	1	1
244	386546.36 	3124946.44 	277.24 	4.78 	1	1
245	386546.23 	3124946.47 	278.29 	4.81 	1	1
246	386546.11 	3124946.50 	279.38 	4.83 	1	1
247	386545.97 	3124946.53 	280.50 	4.84 	1	1
248	386545.84 	3124946.58 	281.63 	4.87 	1	1
249	386545.72 	3124946.62 	282.80 	4.89 	1	1
250	386545.59 	3124946.67 	283.94 	4.90 	1	1
251	386545.46 	3124946.71 	285.10 	4.92 	1	1
252	386545.34 	3124946.75 	286.22 	4.91 	1	1
253	386545.22 	3124946.81 	287.42 	4.93 	1	1
254	386545.10 	3124946.86 	288.59 	4.93 	1	1
255	386544.98 	3124946.92 	289.73 	4.96 	1	1
256	386544.86 	3124946.98 	290.87 	4.99 	1	1
257	386544.74 	3124947.03 	291.95 	5.02 	1	1
258	386544.61 	3124947.10 	293.07 	5.06 	1	1
259	386544.50 	3124947.17 	294.14 	5.10 	1	1
260	386544.38 	3124947.24 	295.17 	5.13 	1	1
261	386544.26 	3124947.31 	296.19 	5.13 	1	1
262	386544.18 	3124947.37 	297.16 	4.99 	1	1
263	386544.04 	3124947.45 	298.09 	5.04 	1	1
264	386543.92 	3124947.53 	299.01 	5.09 	1	1
265	386543.80 	3124947.60 	299.84 	5.14 	1	1
266	386543.69 	3124947.69 	300.58 	5.19 	1	1
267	386543.58 	3124947.77 	301.25 	5.24 	1	1
268	386543.46 	3124947.86 	301.86 	5.30 	1	1
269	386543.35 	3124947.94 	302.40 	5.36 	1	1
270	386543.23 	3124948.03 	302.87 	5.41 	1	1
271	386543.11 	3124948.12 	303.26 	5.43 	1	1
272	386542.99 	3124948.16 	303.50 	5.36 	1	1
273	386542.87 	3124948.27 	303.76 	5.41 	1	1
274	386542.75 	3124948.36 	303.92 	5.44 	1	1
275	386542.62 	3124948.45 	304.07 	5.46 	1	1
276	386542.50 	3124948.54 	304.19 	5.50 	1	1
277	386542.38 	3124948.62 	304.26 	5.53 	1	1
278	386542.26 	3124948.71 	304.29 	5.57 	1	1
279	386542.14 	3124948.81 	304.29 	5.59 	1	1
280	386542.02 	3124948.91 	304.28 	5.61 	1	1
281	386541.88 	3124948.98 	304.21 	5.63 	1	1
282	386541.74 	3124949.02 	304.02 	5.62 	1	1
283	386541.63 	3124949.14 	303.80 	5.63 	1	1
284	386541.50 	3124949.24 	303.52 	5.65 	1	1
285	386541.36 	3124949.32 	303.16 	5.67 	1	1
286	386541.24 	3124949.41 	302.72 	5.68 	1	1
287	386541.11 	3124949.49 	302.18 	5.69 	1	1
288	386540.98 	3124949.58 	301.60 	5.71 	1	1
289	386540.84 	3124949.65 	300.95 	5.72 	1	1
290	386540.71 	3124949.74 	300.20 	5.71 	1	1
291	386540.57 	3124949.81 	299.33 	5.68 	1	1
292	386540.41 	3124949.81 	298.38 	5.61 	1	1
293	386540.28 	3124949.93 	297.40 	5.60 	1	1
294	386540.14 	3124950.00 	296.39 	5.60 	1	1
295	386539.99 	3124950.05 	295.36 	5.61 	1	1
296	386539.85 	3124950.13 	294.30 	5.59 	1	1
297	386539.70 	3124950.17 	293.19 	5.57 	1	1
298	386539.56 	3124950.23 	292.02 	5.55 	1	1
299	386539.41 	3124950.28 	290.84 	5.55 	1	1
300	386539.27 	3124950.33 	289.60 	5.52 	1	1
301	386539.11 	3124950.37 	288.33 	5.51 	1	1
302	386538.93 	3124950.33 	287.07 	5.52 	1	1
303	386538.81 	3124950.42 	285.71 	5.51 	1	1
304	386538.66 	3124950.45 	284.32 	5.49 	1	1
305	386538.51 	3124950.48 	282.96 	5.46 	1	1
306	386538.37 	3124950.50 	281.57 	5.44 	1	1
307	386538.22 	3124950.51 	280.15 	5.43 	1	1
308	386538.06 	3124950.53 	278.72 	5.41 	1	1
309	386537.92 	3124950.54 	277.32 	5.37 	1	1
310	386537.77 	3124950.55 	275.87 	5.34 	1	1
311	386537.62 	3124950.54 	274.39 	5.31 	1	1
312	386537.48 	3124950.48 	272.94 	5.25 	1	1
313	386537.35 	3124950.53 	271.42 	5.21 	1	1
314	386537.20 	3124950.51 	269.92 	5.17 	1	1
315	386537.06 	3124950.49 	268.43 	5.14 	1	1
316	386536.93 	3124950.47 	266.92 	5.12 	1	1
317	386536.79 	3124950.45 	265.39 	5.10 	1	1
318	386536.65 	3124950.43 	263.92 	5.08 	1	1
319	386536.51 	3124950.40 	262.50 	5.08 	1	1
320	386536.37 	3124950.36 	261.12 	5.08 	1	1
321	386536.24 	3124950.33 	259.83 	5.06 	1	1
322	386536.14 	3124950.27 	258.64 	4.98 	1	1
323	386535.99 	3124950.26 	257.45 	5.00 	1	1
324	386535.86 	3124950.21 	256.32 	5.02 	1	1
325	386535.73 	3124950.17 	255.26 	5.04 	1	1
326	386535.60 	3124950.13 	254.26 	5.07 	1	1
327	386535.47 	3124950.08 	253.30 	5.09 	1	1
328	386535.34 	3124950.03 	252.44 	5.11 	1	1
329	386535.21 	3124949.98 	251.66 	5.14 	1	1
330	386535.09 	3124949.92 	250.95 	5.17 	1	1
331	386534.96 	3124949.87 	250.29 	5.19 	1	1
332	386534.84 	3124949.87 	249.77 	5.15 	1	1
333	386534.69 	3124949.79 	249.20 	5.16 	1	1
334	386534.56 	3124949.73 	248.71 	5.18 	1	1
335	386534.44 	3124949.68 	248.27 	5.21 	1	1
336	386534.31 	3124949.62 	247.91 	5.24 	1	1
337	386534.17 	3124949.57 	247.68 	5.26 	1	1
338	386534.04 	3124949.50 	247.60 	5.27 	1	1
339	386533.91 	3124949.45 	247.67 	5.28 	1	1
340	386533.78 	3124949.39 	247.80 	5.27 	1	1
341	386533.64 	3124949.34 	247.97 	5.28 	1	1
342	386533.49 	3124949.37 	248.17 	5.31 	1	1
343	386533.36 	3124949.26 	248.46 	5.30 	1	1
344	386533.23 	3124949.21 	248.80 	5.30 	1	1
345	386533.09 	3124949.17 	249.17 	5.30 	1	1
346	386532.96 	3124949.11 	249.56 	5.30 	1	1
347	386532.82 	3124949.08 	250.04 	5.30 	1	1
348	386532.68 	3124949.03 	250.55 	5.30 	1	1
349	386532.54 	3124949.00 	251.11 	5.31 	1	1
350	386532.41 	3124948.94 	251.65 	5.32 	1	1
351	386532.26 	3124948.91 	252.22 	5.32 	1	1
352	386532.11 	3124948.97 	252.79 	5.27 	1	1
353	386531.98 	3124948.86 	253.48 	5.28 	1	1
354	386531.84 	3124948.82 	254.17 	5.29 	1	1
355	386531.69 	3124948.80 	254.92 	5.29 	1	1
356	386531.55 	3124948.77 	255.69 	5.30 	1	1
357	386531.41 	3124948.75 	256.49 	5.30 	1	1
358	386531.27 	3124948.72 	257.27 	5.30 	1	1
359	386531.12 	3124948.71 	258.08 	5.31 	1	1
360	386530.98 	3124948.68 	258.90 	5.31 	1	1
361	386530.84 	3124948.68 	259.69 	5.31 	1	1
362	386530.69 	3124948.77 	260.46 	5.32 	1	1
363	386530.55 	3124948.66 	261.30 	5.32 	1	1
364	386530.40 	3124948.65 	262.14 	5.34 	1	1
365	386530.25 	3124948.64 	262.99 	5.37 	1	1
366	386530.10 	3124948.64 	263.85 	5.42 	1	1
367	386529.96 	3124948.63 	264.70 	5.44 	1	1
368	386529.81 	3124948.63 	265.60 	5.42 	1	1
369	386529.67 	3124948.63 	266.52 	5.42 	1	1
370	386529.52 	3124948.63 	267.43 	5.45 	1	1
371	386529.37 	3124948.64 	268.35 	5.47 	1	1
372	386529.25 	3124948.69 	269.21 	5.42 	1	1
373	386529.08 	3124948.68 	270.12 	5.48 	1	1
374	386528.94 	3124948.69 	271.02 	5.51 	1	1
375	386528.79 	3124948.71 	271.92 	5.54 	1	1
376	386528.64 	3124948.73 	272.83 	5.57 	1	1
377	386528.49 	3124948.75 	273.74 	5.59 	1	1
378	386528.34 	3124948.78 	274.66 	5.62 	1	1
379	386528.20 	3124948.79 	275.56 	5.65 	1	1
380	386528.04 	3124948.83 	276.46 	5.68 	1	1
381	386527.90 	3124948.86 	277.33 	5.67 	1	1
382	386527.78 	3124948.87 	278.11 	5.58 	1	1
383	386527.61 	3124948.92 	278.96 	5.63 	1	1
384	386527.47 	3124948.96 	279.74 	5.68 	1	1
385	386527.32 	3124948.99 	280.51 	5.72 	1	1
386	386527.17 	3124949.04 	281.25 	5.77 	1	1
387	386527.02 	3124949.07 	281.98 	5.82 	1	1
388	386526.87 	3124949.12 	282.68 	5.87 	1	1
389	386526.73 	3124949.16 	283.37 	5.93 	1	1
390	386526.57 	3124949.21 	284.03 	5.97 	1	1
391	386526.43 	3124949.26 	284.64 	5.96 	1	1
392	386526.33 	3124949.28 	285.23 	5.79 	1	1
393	386526.13 	3124949.35 	285.79 	5.83 	1	1
394	386525.99 	3124949.41 	286.30 	5.87 	1	1
395	386525.84 	3124949.46 	286.77 	5.91 	1	1
396	386525.68 	3124949.52 	287.21 	5.96 	1	1
397	386525.54 	3124949.57 	287.58 	6.01 	1	1
398	386525.38 	3124949.63 	287.88 	6.07 	1	1
399	386525.23 	3124949.68 	288.16 	6.12 	1	1
400	386525.07 	3124949.75 	288.37 	6.18 	1	1
401	386524.92 	3124949.81 	288.59 	6.19 	1	1
402	386524.79 	3124949.84 	288.79 	6.10 	1	1
403	386524.61 	3124949.91 	289.00 	6.14 	1	1
404	386524.45 	3124949.98 	289.19 	6.19 	1	1
405	386524.29 	3124950.03 	289.34 	6.23 	1	1
406	386524.13 	3124950.10 	289.50 	6.27 	1	1
407	386523.97 	3124950.16 	289.66 	6.31 	1	1
408	386523.80 	3124950.23 	289.80 	6.35 	1	1
409	386523.65 	3124950.28 	289.94 	6.38 	1	1
410	386523.48 	3124950.35 	290.08 	6.42 	1	1
411	386523.32 	3124950.42 	290.23 	6.42 	1	1
412	386523.17 	3124950.47 	290.30 	6.32 	1	1
413	386523.00 	3124950.55 	290.42 	6.36 	1	1
414	386522.83 	3124950.61 	290.53 	6.38 	1	1
415	386522.67 	3124950.68 	290.64 	6.40 	1	1
416	386522.50 	3124950.75 	290.74 	6.43 	1	1
417	386522.34 	3124950.82 	290.81 	6.47 	1	1
418	386522.17 	3124950.89 	290.84 	6.49 	1	1
419	386522.00 	3124950.95 	290.90 	6.52 	1	1
420	386521.83 	3124951.02 	290.92 	6.54 	1	1
421	386521.66 	3124951.09 	290.89 	6.55 	1	1
422	386521.49 	3124951.18 	290.85 	6.53 	1	1
423	386521.33 	3124951.24 	290.83 	6.55 	1	1
424	386521.16 	3124951.31 	290.80 	6.57 	1	1
425	386520.99 	3124951.38 	290.76 	6.59 	1	1
426	386520.82 	3124951.45 	290.69 	6.60 	1	1
427	386520.65 	3124951.52 	290.63 	6.62 	1	1
428	386520.47 	3124951.59 	290.57 	6.63 	1	1
429	386520.28 	3124951.66 	290.50 	6.65 	1	1
430	386520.11 	3124951.72 	290.39 	6.66 	1	1
431	386519.93 	3124951.79 	290.26 	6.70 	1	1
432	386519.74 	3124951.89 	290.13 	6.81 	1	1
433	386519.58 	3124951.93 	290.00 	6.82 	1	1
434	386519.40 	3124952.00 	289.82 	6.82 	1	1
435	386519.23 	3124952.07 	289.63 	6.83 	1	1
436	386519.06 	3124952.13 	289.45 	6.84 	1	1
437	386518.88 	3124952.19 	289.25 	6.86 	1	1
438	386518.70 	3124952.26 	289.06 	6.87 	1	1
439	386518.52 	3124952.33 	288.86 	6.87 	1	1
440	386518.34 	3124952.40 	288.63 	6.87 	1	1
441	386518.16 	3124952.46 	288.41 	6.86 	1	1
442	386517.98 	3124952.50 	288.23 	6.83 	1	1
443	386517.80 	3124952.58 	287.92 	6.83 	1	1
444	386517.62 	3124952.65 	287.59 	6.84 	1	1
445	386517.43 	3124952.70 	287.26 	6.85 	1	1
446	386517.25 	3124952.76 	286.91 	6.86 	1	1
447	386517.06 	3124952.82 	286.54 	6.86 	1	1
448	386516.87 	3124952.87 	286.17 	6.88 	1	1
449	386516.69 	3124952.93 	285.82 	6.89 	1	1
450	386516.50 	3124952.99 	285.44 	6.90 	1	1
451	386516.31 	3124953.03 	285.08 	6.93 	1	1
452	386516.11 	3124953.09 	284.70 	6.99 	1	1
453	386515.93 	3124953.14 	284.34 	6.98 	1	1
454	386515.75 	3124953.18 	283.96 	6.99 	1	1
455	386515.55 	3124953.23 	283.58 	6.99 	1	1
456	386515.36 	3124953.28 	283.23 	6.98 	1	1
457	386515.17 	3124953.33 	282.88 	6.98 	1	1
458	386514.98 	3124953.37 	282.54 	6.98 	1	1
459	386514.79 	3124953.41 	282.21 	6.99 	1	1
460	386514.60 	3124953.45 	281.90 	6.98 	1	1
461	386514.40 	3124953.50 	281.55 	6.98 	1	1
462	386514.20 	3124953.57 	281.23 	6.99 	1	1
463	386514.01 	3124953.58 	280.92 	6.98 	1	1
464	386513.83 	3124953.62 	280.63 	6.98 	1	1
465	386513.63 	3124953.67 	280.33 	6.97 	1	1
466	386513.44 	3124953.70 	280.05 	6.96 	1	1
467	386513.24 	3124953.74 	279.78 	6.96 	1	1
468	386513.05 	3124953.77 	279.50 	6.96 	1	1
469	386512.85 	3124953.80 	279.23 	6.95 	1	1
470	386512.66 	3124953.83 	278.98 	6.95 	1	1
471	386512.47 	3124953.87 	278.73 	6.95 	1	1
472	386512.24 	3124953.91 	278.57 	7.00 	1	1
473	386512.07 	3124953.94 	278.37 	7.00 	1	1
474	386511.87 	3124953.97 	278.19 	7.00 	1	1
475	386511.67 	3124954.00 	278.00 	7.00 	1	1
476	386511.48 	3124954.03 	277.82 	6.97 	1	1
477	386511.28 	3124954.06 	277.66 	6.96 	1	1
478	386511.09 	3124954.10 	277.51 	6.94 	1	1
479	386510.89 	3124954.12 	277.35 	6.92 	1	1
480	386510.70 	3124954.16 	277.18 	6.90 	1	1
481	386510.50 	3124954.19 	277.02 	6.93 	1	1
482	386510.27 	3124954.23 	276.90 	7.06 	1	1
483	386510.10 	3124954.24 	276.75 	7.05 	1	1
484	386509.90 	3124954.26 	276.60 	7.05 	1	1
485	386509.71 	3124954.29 	276.45 	7.04 	1	1
486	386509.51 	3124954.31 	276.33 	7.04 	1	1
487	386509.31 	3124954.34 	276.22 	7.05 	1	1
488	386509.12 	3124954.37 	276.10 	7.05 	1	1
489	386508.91 	3124954.40 	276.02 	7.05 	1	1
490	386508.72 	3124954.42 	275.96 	7.03 	1	1
491	386508.51 	3124954.45 	275.91 	7.04 	1	1
492	386508.29 	3124954.45 	275.88 	7.09 	1	1
493	386508.12 	3124954.49 	275.84 	7.08 	1	1
494	386507.92 	3124954.52 	275.79 	7.07 	1	1
495	386507.72 	3124954.54 	275.76 	7.06 	1	1
496	386507.52 	3124954.57 	275.73 	7.06 	1	1
497	386507.32 	3124954.60 	275.73 	7.06 	1	1
498	386507.13 	3124954.62 	275.73 	7.05 	1	1
499	386506.92 	3124954.65 	275.73 	7.04 	1	1
500	386506.73 	3124954.67 	275.71 	7.03 	1	1
501	386506.52 	3124954.70 	275.70 	7.05 	1	1
502	386506.29 	3124954.72 	275.76 	7.16 	1	1
503	386506.11 	3124954.74 	275.77 	7.14 	1	1
504	386505.91 	3124954.77 	275.75 	7.11 	1	1
505	386505.72 	3124954.79 	275.75 	7.09 	1	1
506	386505.52 	3124954.82 	275.76 	7.08 	1	1
507	386505.32 	3124954.84 	275.77 	7.08 	1	1
508	386505.12 	3124954.87 	275.79 	7.12 	1	1
509	386504.91 	3124954.89 	275.84 	7.22 	1	1
510	386504.71 	3124954.92 	275.87 	7.36 	1	1
511	386504.50 	3124954.94 	275.88 	7.56 	1	1
512	386504.24 	3124954.95 	275.95 	7.88 	1	1
513	386504.05 	3124955.00 	275.97 	8.06 	1	1
514	386503.82 	3124955.02 	275.99 	8.24 	1	1
515	386503.58 	3124955.06 	276.00 	8.41 	1	1
516	386503.35 	3124955.09 	276.01 	8.61 	1	1
517	386503.11 	3124955.12 	276.05 	8.80 	1	1
518	386502.86 	3124955.15 	276.08 	8.98 	1	1
519	386502.61 	3124955.19 	276.11 	9.16 	1	1
520	386502.35 	3124955.21 	276.13 	9.34 	1	1
521	386502.08 	3124955.25 	276.17 	9.52 	1	1
522	386501.79 	3124955.29 	276.26 	9.72 	1	1
523	386501.54 	3124955.33 	276.34 	9.87 	1	1
524	386501.26 	3124955.37 	276.37 	10.02 	1	1
525	386500.97 	3124955.39 	276.39 	10.17 	1	1
526	386500.69 	3124955.43 	276.40 	10.33 	1	1
527	386500.39 	3124955.48 	276.41 	10.48 	1	1
528	386500.10 	3124955.52 	276.44 	10.62 	1	1
529	386499.79 	3124955.56 	276.46 	10.74 	1	1
530	386499.49 	3124955.60 	276.48 	10.86 	1	1
531	386499.17 	3124955.64 	276.47 	11.00 	1	1
532	386498.83 	3124955.70 	276.50 	11.22 	1	1
533	386498.55 	3124955.72 	276.51 	11.35 	1	1
534	386498.23 	3124955.77 	276.48 	11.50 	1	1
535	386497.91 	3124955.81 	276.43 	11.65 	1	1
536	386497.58 	3124955.85 	276.37 	11.77 	1	1
537	386497.24 	3124955.89 	276.28 	11.91 	1	1
538	386496.90 	3124955.93 	276.23 	12.01 	1	1
539	386496.55 	3124955.98 	276.19 	12.07 	1	1
540	386496.22 	3124956.03 	276.13 	12.14 	1	1
541	386495.87 	3124956.07 	276.10 	12.26 	1	1
542	386495.48 	3124956.13 	276.09 	12.50 	1	1
543	386495.17 	3124956.17 	276.05 	12.61 	1	1
544	386494.81 	3124956.22 	276.02 	12.71 	1	1
545	386494.46 	3124956.26 	275.98 	12.79 	1	1
546	386494.11 	3124956.30 	275.92 	12.85 	1	1
547	386493.75 	3124956.34 	275.88 	12.92 	1	1
548	386493.39 	3124956.39 	275.84 	12.99 	1	1
549	386493.02 	3124956.44 	275.80 	13.05 	1	1
550	386492.66 	3124956.48 	275.78 	13.12 	1	1
551	386492.29 	3124956.53 	275.75 	13.20 	1	1
552	386491.89 	3124956.56 	275.78 	13.32 	1	1
553	386491.54 	3124956.61 	275.73 	13.38 	1	1
554	386491.17 	3124956.65 	275.66 	13.45 	1	1
555	386490.78 	3124956.69 	275.61 	13.50 	1	1
556	386490.40 	3124956.74 	275.56 	13.56 	1	1
557	386490.02 	3124956.79 	275.52 	13.60 	1	1
558	386489.64 	3124956.83 	275.49 	13.63 	1	1
559	386489.26 	3124956.86 	275.46 	13.66 	1	1
560	386488.88 	3124956.91 	275.43 	13.70 	1	1
561	386488.49 	3124956.95 	275.39 	13.77 	1	1
562	386488.05 	3124956.98 	275.32 	13.99 	1	1
563	386487.70 	3124957.04 	275.30 	14.01 	1	1
564	386487.31 	3124957.08 	275.31 	14.03 	1	1
565	386486.92 	3124957.12 	275.32 	14.04 	1	1
566	386486.53 	3124957.16 	275.35 	14.03 	1	1
567	386486.14 	3124957.21 	275.39 	14.01 	1	1
568	386485.74 	3124957.26 	275.40 	13.98 	1	1
569	386485.35 	3124957.30 	275.43 	13.95 	1	1
570	386484.96 	3124957.34 	275.50 	13.91 	1	1
571	386484.57 	3124957.39 	275.55 	13.91 	1	1
572	386484.15 	3124957.42 	275.64 	14.03 	1	1
573	386483.79 	3124957.48 	275.68 	13.98 	1	1
574	386483.40 	3124957.52 	275.72 	13.93 	1	1
575	386483.01 	3124957.56 	275.78 	13.89 	1	1
576	386482.63 	3124957.61 	275.85 	13.85 	1	1
577	386482.25 	3124957.66 	275.90 	13.80 	1	1
578	386481.86 	3124957.70 	275.94 	13.76 	1	1
579	386481.48 	3124957.74 	275.97 	13.71 	1	1
580	386481.11 	3124957.79 	275.98 	13.66 	1	1
581	386480.72 	3124957.85 	276.03 	13.62 	1	1
582	386480.33 	3124957.88 	276.12 	13.64 	1	1
583	386479.96 	3124957.94 	276.18 	13.56 	1	1
584	386479.59 	3124957.98 	276.21 	13.49 	1	1
585	386479.22 	3124958.03 	276.26 	13.40 	1	1
586	386478.85 	3124958.08 	276.31 	13.32 	1	1
587	386478.47 	3124958.12 	276.34 	13.23 	1	1
588	386478.11 	3124958.17 	276.41 	13.14 	1	1
589	386477.75 	3124958.22 	276.43 	13.06 	1	1
590	386477.39 	3124958.27 	276.46 	12.98 	1	1
591	386477.03 	3124958.31 	276.50 	12.93 	1	1
592	386476.64 	3124958.34 	276.57 	13.01 	1	1
593	386476.30 	3124958.40 	276.60 	12.91 	1	1
594	386475.94 	3124958.45 	276.66 	12.81 	1	1
595	386475.59 	3124958.49 	276.71 	12.71 	1	1
596	386475.24 	3124958.53 	276.71 	12.62 	1	1
597	386474.89 	3124958.58 	276.72 	12.53 	1	1
598	386474.54 	3124958.63 	276.77 	12.44 	1	1
599	386474.20 	3124958.68 	276.77 	12.35 	1	1
600	386473.86 	3124958.73 	276.79 	12.26 	1	1
601	386473.51 	3124958.77 	276.79 	12.20 	1	1
602	386473.16 	3124958.81 	276.75 	12.25 	1	1
603	386472.83 	3124958.86 	276.71 	12.15 	1	1
604	386472.50 	3124958.90 	276.68 	12.05 	1	1
605	386472.18 	3124958.94 	276.64 	11.96 	1	1
606	386471.84 	3124958.99 	276.61 	11.88 	1	1
607	386471.51 	3124959.04 	276.60 	11.78 	1	1
608	386471.20 	3124959.08 	276.56 	11.69 	1	1
609	386470.86 	3124959.12 	276.52 	11.59 	1	1
610	386470.54 	3124959.16 	276.49 	11.49 	1	1
611	386470.22 	3124959.20 	276.45 	11.42 	1	1
612	386469.89 	3124959.24 	276.42 	11.46 	1	1
613	386469.59 	3124959.28 	276.40 	11.37 	1	1
614	386469.28 	3124959.32 	276.39 	11.27 	1	1
615	386468.97 	3124959.35 	276.38 	11.17 	1	1
616	386468.66 	3124959.38 	276.35 	11.07 	1	1
617	386468.36 	3124959.42 	276.32 	10.98 	1	1
618	386468.05 	3124959.45 	276.27 	10.88 	1	1
619	386467.75 	3124959.48 	276.22 	10.77 	1	1
620	386467.46 	3124959.52 	276.20 	10.67 	1	1
621	386467.16 	3124959.55 	276.17 	10.61 	1	1
622	386466.84 	3124959.57 	276.12 	10.62 	1	1
623	386466.56 	3124959.62 	276.12 	10.49 	1	1
624	386466.27 	3124959.66 	276.11 	10.37 	1	1
625	386465.98 	3124959.69 	276.10 	10.25 	1	1
626	386465.70 	3124959.72 	276.09 	10.14 	1	1
627	386465.42 	3124959.77 	276.08 	10.04 	1	1
628	386465.15 	3124959.79 	276.09 	9.92 	1	1
629	386464.86 	3124959.84 	276.08 	9.81 	1	1
630	386464.59 	3124959.86 	276.09 	9.70 	1	1
631	386464.32 	3124959.90 	276.10 	9.61 	1	1
632	386464.03 	3124959.96 	276.07 	9.62 	1	1
633	386463.78 	3124959.97 	276.05 	9.52 	1	1
634	386463.51 	3124960.01 	276.03 	9.42 	1	1
635	386463.26 	3124960.04 	275.98 	9.32 	1	1
636	386462.99 	3124960.07 	275.88 	9.22 	1	1
637	386462.74 	3124960.12 	275.79 	9.12 	1	1
638	386462.48 	3124960.15 	275.67 	9.03 	1	1
639	386462.22 	3124960.18 	275.52 	8.94 	1	1
640	386461.98 	3124960.21 	275.34 	8.84 	1	1
641	386461.72 	3124960.23 	275.11 	8.76 	1	1
642	386461.45 	3124960.29 	274.84 	8.75 	1	1
643	386461.23 	3124960.27 	274.53 	8.66 	1	1
644	386461.00 	3124960.29 	274.22 	8.57 	1	1
645	386460.75 	3124960.31 	273.87 	8.48 	1	1
646	386460.52 	3124960.32 	273.49 	8.38 	1	1
647	386460.28 	3124960.34 	273.02 	8.28 	1	1
648	386460.06 	3124960.36 	272.53 	8.18 	1	1
649	386459.82 	3124960.36 	271.98 	8.08 	1	1
650	386459.60 	3124960.37 	271.36 	8.00 	1	1
651	386459.37 	3124960.38 	270.72 	7.96 	1	1
652	386459.11 	3124960.38 	270.04 	8.05 	1	1
653	386458.90 	3124960.37 	269.24 	7.95 	1	1
654	386458.68 	3124960.36 	268.36 	7.84 	1	1
655	386458.46 	3124960.35 	267.33 	7.74 	1	1
656	386458.24 	3124960.33 	266.21 	7.62 	1	1
657	386458.03 	3124960.31 	265.00 	7.49 	1	1
658	386457.82 	3124960.29 	263.68 	7.38 	1	1
659	386457.62 	3124960.24 	262.30 	7.27 	1	1
660	386457.42 	3124960.22 	260.89 	7.16 	1	1
661	386457.22 	3124960.17 	259.47 	7.09 	1	1
662	386456.99 	3124960.06 	258.02 	7.09 	1	1
663	386456.81 	3124960.05 	256.54 	7.00 	1	1
664	386456.63 	3124960.00 	255.03 	6.92 	1	1
665	386456.45 	3124959.92 	253.48 	6.82 	1	1
666	386456.26 	3124959.87 	251.86 	6.72 	1	1
667	386456.09 	3124959.79 	250.18 	6.61 	1	1
668	386455.92 	3124959.72 	248.49 	6.49 	1	1
669	386455.75 	3124959.63 	246.72 	6.39 	1	1
670	386455.59 	3124959.55 	244.91 	6.28 	1	1
671	386455.44 	3124959.45 	243.03 	6.21 	1	1
672	386455.27 	3124959.28 	241.14 	6.22 	1	1
673	386455.14 	3124959.23 	239.16 	6.11 	1	1
674	386455.00 	3124959.14 	237.17 	6.01 	1	1
675	386454.88 	3124959.02 	235.14 	5.91 	1	1
676	386454.76 	3124958.91 	233.09 	5.80 	1	1
677	386454.65 	3124958.79 	231.02 	5.68 	1	1
678	386454.53 	3124958.68 	228.90 	5.59 	1	1
679	386454.44 	3124958.56 	226.73 	5.48 	1	1
680	386454.34 	3124958.45 	224.54 	5.38 	1	1
681	386454.26 	3124958.30 	222.37 	5.31 	1	1
682	386454.21 	3124958.09 	220.18 	5.27 	1	1
683	386454.12 	3124958.06 	218.05 	5.23 	1	1
684	386454.05 	3124957.94 	215.95 	5.18 	1	1
685	386453.99 	3124957.82 	213.88 	5.14 	1	1
686	386453.93 	3124957.69 	211.86 	5.11 	1	1
687	386453.88 	3124957.57 	209.86 	5.08 	1	1
688	386453.84 	3124957.44 	207.88 	5.05 	1	1
689	386453.80 	3124957.32 	205.91 	5.02 	1	1
690	386453.76 	3124957.19 	203.96 	5.01 	1	1
691	386453.73 	3124957.07 	202.06 	4.98 	1	1
692	386453.70 	3124956.98 	200.22 	4.82 	1	1
693	386453.67 	3124956.84 	198.34 	4.82 	1	1
694	386453.65 	3124956.71 	196.46 	4.81 	1	1
695	386453.64 	3124956.60 	194.59 	4.80 	1	1
696	386453.62 	3124956.47 	192.73 	4.79 	1	1
697	386453.62 	3124956.36 	190.90 	4.77 	1	1
698	386453.61 	3124956.23 	189.10 	4.76 	1	1
699	386453.61 	3124956.11 	187.33 	4.75 	1	1
700	386453.61 	3124955.98 	185.58 	4.75 	1	1
701	386453.63 	3124955.87 	183.87 	4.69 	1	1
702	386453.65 	3124955.83 	182.23 	4.43 	1	1
703	386453.65 	3124955.66 	180.56 	4.43 	1	1
704	386453.67 	3124955.54 	178.90 	4.43 	1	1
705	386453.69 	3124955.43 	177.29 	4.44 	1	1
706	386453.71 	3124955.32 	175.70 	4.44 	1	1
707	386453.73 	3124955.21 	174.11 	4.46 	1	1
708	386453.77 	3124955.10 	172.54 	4.46 	1	1
709	386453.80 	3124955.00 	170.99 	4.48 	1	1
710	386453.84 	3124954.88 	169.45 	4.49 	1	1
711	386453.87 	3124954.79 	167.95 	4.43 	1	1
712	386453.88 	3124954.76 	166.51 	4.14 	1	1
713	386453.94 	3124954.59 	165.00 	4.16 	1	1
714	386453.99 	3124954.49 	163.52 	4.18 	1	1
715	386454.03 	3124954.39 	162.03 	4.19 	1	1
716	386454.09 	3124954.29 	160.56 	4.19 	1	1
717	386454.14 	3124954.19 	159.09 	4.19 	1	1
718	386454.19 	3124954.09 	157.66 	4.20 	1	1
719	386454.23 	3124954.00 	156.21 	4.20 	1	1
720	386454.30 	3124953.91 	154.81 	4.22 	1	1
721	386454.35 	3124953.82 	153.44 	4.18 	1	1
722	386454.39 	3124953.77 	152.14 	3.99 	1	1
723	386454.48 	3124953.65 	150.77 	4.01 	1	1
724	386454.54 	3124953.56 	149.43 	4.05 	1	1
725	386454.61 	3124953.47 	148.13 	4.08 	1	1
726	386454.68 	3124953.39 	146.87 	4.13 	1	1
727	386454.75 	3124953.31 	145.63 	4.16 	1	1
728	386454.83 	3124953.22 	144.42 	4.20 	1	1
729	386454.90 	3124953.13 	143.27 	4.26 	1	1
730	386454.99 	3124953.05 	142.16 	4.29 	1	1
731	386455.06 	3124952.97 	141.10 	4.30 	1	1
732	386455.10 	3124952.89 	140.06 	4.23 	1	1
733	386455.21 	3124952.79 	139.02 	4.27 	1	1
734	386455.29 	3124952.72 	137.99 	4.32 	1	1
735	386455.38 	3124952.64 	136.98 	4.36 	1	1
736	386455.47 	3124952.56 	135.99 	4.40 	1	1
737	386455.55 	3124952.48 	134.97 	4.45 	1	1
738	386455.65 	3124952.40 	133.96 	4.48 	1	1
739	386455.74 	3124952.32 	132.93 	4.51 	1	1
740	386455.84 	3124952.24 	131.94 	4.55 	1	1
741	386455.93 	3124952.16 	130.97 	4.56 	1	1
742	386456.00 	3124952.08 	130.00 	4.51 	1	1
743	386456.13 	3124952.02 	129.00 	4.55 	1	1
744	386456.24 	3124951.94 	127.94 	4.58 	1	1
745	386456.34 	3124951.87 	126.89 	4.61 	1	1
746	386456.44 	3124951.80 	125.83 	4.64 	1	1
747	386456.56 	3124951.73 	124.76 	4.68 	1	1
748	386456.67 	3124951.66 	123.73 	4.71 	1	1
749	386456.78 	3124951.61 	122.67 	4.73 	1	1
750	386456.89 	3124951.54 	121.57 	4.76 	1	1
751	386457.01 	3124951.48 	120.55 	4.77 	1	1
752	386457.13 	3124951.45 	119.51 	4.71 	1	1
753	386457.24 	3124951.37 	118.47 	4.74 	1	1
754	386457.36 	3124951.33 	117.41 	4.76 	1	1
755	386457.49 	3124951.27 	116.39 	4.78 	1	1
756	386457.61 	3124951.22 	115.39 	4.79 	1	1
757	386457.73 	3124951.18 	114.41 	4.82 	1	1
758	386457.86 	3124951.12 	113.46 	4.85 	1	1
759	386457.99 	3124951.08 	112.52 	4.87 	1	1
760	386458.12 	3124951.03 	111.58 	4.88 	1	1
761	386458.25 	3124951.00 	110.67 	4.93 	1	1
762	386458.39 	3124950.96 	109.81 	5.07 	1	1
763	386458.51 	3124950.92 	108.97 	5.09 	1	1
764	386458.64 	3124950.88 	108.15 	5.11 	1	1
765	386458.78 	3124950.84 	107.40 	5.13 	1	1
766	386458.92 	3124950.80 	106.68 	5.16 	1	1
767	386459.05 	3124950.77 	105.99 	5.18 	1	1
768	386459.18 	3124950.73 	105.33 	5.20 	1	1
769	386459.31 	3124950.69 	104.72 	5.22 	1	1
770	386459.46 	3124950.67 	104.12 	5.24 	1	1
771	386459.60 	3124950.63 	103.56 	5.23 	1	1
772	386459.70 	3124950.57 	103.05 	5.15 	1	1
773	386459.87 	3124950.58 	102.56 	5.16 	1	1
774	386460.01 	3124950.55 	102.05 	5.17 	1	1
775	386460.15 	3124950.53 	101.59 	5.18 	1	1
776	386460.29 	3124950.50 	101.20 	5.20 	1	1
777	386460.44 	3124950.47 	100.81 	5.21 	1	1
778	386460.58 	3124950.45 	100.48 	5.22 	1	1
779	386460.72 	3124950.42 	100.23 	5.22 	1	1
780	386460.86 	3124950.40 	99.97 	5.22 	1	1
781	386461.01 	3124950.38 	99.75 	5.25 	1	1
782	386461.15 	3124950.32 	99.52 	5.32 	1	1
783	386461.30 	3124950.32 	99.31 	5.31 	1	1
784	386461.45 	3124950.30 	99.14 	5.31 	1	1
785	386461.60 	3124950.27 	98.99 	5.31 	1	1
786	386461.74 	3124950.25 	98.89 	5.31 	1	1
787	386461.88 	3124950.22 	98.81 	5.30 	1	1
788	386462.03 	3124950.20 	98.75 	5.30 	1	1
789	386462.18 	3124950.17 	98.70 	5.31 	1	1
790	386462.32 	3124950.15 	98.66 	5.30 	1	1
791	386462.47 	3124950.12 	98.62 	5.28 	1	1
792	386462.60 	3124950.07 	98.57 	5.21 	1	1
793	386462.75 	3124950.07 	98.52 	5.20 	1	1
794	386462.90 	3124950.05 	98.47 	5.19 	1	1
795	386463.05 	3124950.03 	98.43 	5.18 	1	1
796	386463.20 	3124950.00 	98.42 	5.18 	1	1
797	386463.35 	3124949.98 	98.37 	5.18 	1	1
798	386463.50 	3124949.95 	98.33 	5.17 	1	1
799	386463.65 	3124949.93 	98.29 	5.16 	1	1
800	386463.79 	3124949.91 	98.23 	5.15 	1	1
801	386463.94 	3124949.89 	98.18 	5.19 	1	1
802	386464.14 	3124949.84 	98.15 	5.34 	1	1
803	386464.25 	3124949.85 	98.12 	5.32 	1	1
804	386464.40 	3124949.82 	98.07 	5.31 	1	1
805	386464.56 	3124949.80 	98.03 	5.30 	1	1
806	386464.71 	3124949.78 	97.99 	5.27 	1	1
807	386464.86 	3124949.75 	97.94 	5.27 	1	1
808	386465.01 	3124949.73 	97.93 	5.27 	1	1
809	386465.17 	3124949.71 	97.89 	5.26 	1	1
810	386465.31 	3124949.69 	97.79 	5.25 	1	1
811	386465.47 	3124949.66 	97.72 	5.28 	1	1
812	386465.66 	3124949.62 	97.66 	5.46 	1	1
813	386465.78 	3124949.61 	97.61 	5.51 	1	1
814	386465.94 	3124949.59 	97.55 	5.61 	1	1
815	386466.10 	3124949.56 	97.48 	5.76 	1	1
816	386466.26 	3124949.54 	97.42 	5.91 	1	1
817	386466.43 	3124949.53 	97.32 	6.08 	1	1
818	386466.60 	3124949.50 	97.23 	6.26 	1	1
819	386466.79 	3124949.48 	97.18 	6.41 	1	1
820	386466.97 	3124949.46 	97.09 	6.56 	1	1
821	386467.17 	3124949.43 	97.03 	6.73 	1	1
822	386467.40 	3124949.41 	96.95 	7.02 	1	1
823	386467.57 	3124949.38 	96.86 	7.18 	1	1
824	386467.77 	3124949.35 	96.79 	7.34 	1	1
825	386467.98 	3124949.32 	96.73 	7.51 	1	1
826	386468.19 	3124949.30 	96.65 	7.68 	1	1
827	386468.41 	3124949.27 	96.56 	7.85 	1	1
828	386468.63 	3124949.24 	96.46 	8.00 	1	1
829	386468.87 	3124949.22 	96.37 	8.14 	1	1
830	386469.09 	3124949.19 	96.28 	8.28 	1	1
831	386469.34 	3124949.16 	96.16 	8.46 	1	1
832	386469.62 	3124949.13 	95.92 	8.74 	1	1
833	386469.83 	3124949.11 	95.81 	8.87 	1	1
834	386470.09 	3124949.08 	95.72 	8.98 	1	1
835	386470.33 	3124949.04 	95.63 	9.08 	1	1
836	386470.59 	3124949.01 	95.55 	9.18 	1	1
837	386470.85 	3124948.99 	95.46 	9.28 	1	1
838	386471.11 	3124948.96 	95.35 	9.39 	1	1
839	386471.38 	3124948.93 	95.25 	9.49 	1	1
840	386471.64 	3124948.91 	95.16 	9.57 	1	1
841	386471.92 	3124948.88 	95.05 	9.63 	1	1
842	386472.21 	3124948.82 	94.96 	9.71 	1	1
843	386472.47 	3124948.82 	94.87 	9.74 	1	1
844	386472.74 	3124948.79 	94.78 	9.76 	1	1
845	386473.02 	3124948.77 	94.68 	9.77 	1	1
846	386473.29 	3124948.74 	94.60 	9.78 	1	1
847	386473.57 	3124948.72 	94.49 	9.79 	1	1
848	386473.85 	3124948.69 	94.43 	9.79 	1	1
849	386474.14 	3124948.67 	94.40 	9.80 	1	1
850	386474.41 	3124948.64 	94.43 	9.81 	1	1
851	386474.70 	3124948.62 	94.48 	9.86 	1	1
852	386475.03 	3124948.55 	94.53 	10.07 	1	1
853	386475.27 	3124948.56 	94.60 	10.07 	1	1
854	386475.56 	3124948.53 	94.66 	10.07 	1	1
855	386475.84 	3124948.50 	94.74 	10.07 	1	1
856	386476.12 	3124948.47 	94.84 	10.05 	1	1
857	386476.41 	3124948.43 	94.92 	10.03 	1	1
858	386476.69 	3124948.41 	94.99 	10.00 	1	1
859	386476.97 	3124948.37 	95.07 	9.94 	1	1
860	386477.24 	3124948.35 	95.14 	9.86 	1	1
861	386477.53 	3124948.31 	95.18 	9.80 	1	1
862	386477.83 	3124948.26 	95.22 	9.81 	1	1
863	386478.07 	3124948.25 	95.29 	9.67 	1	1
864	386478.34 	3124948.23 	95.34 	9.55 	1	1
865	386478.62 	3124948.19 	95.39 	9.40 	1	1
866	386478.88 	3124948.16 	95.42 	9.27 	1	1
867	386479.14 	3124948.13 	95.46 	9.15 	1	1
868	386479.39 	3124948.10 	95.53 	9.05 	1	1
869	386479.65 	3124948.07 	95.59 	8.93 	1	1
870	386479.89 	3124948.05 	95.64 	8.85 	1	1
871	386480.15 	3124948.01 	95.67 	8.89 	1	1
872	386480.45 	3124947.95 	95.70 	9.19 	1	1
873	386480.67 	3124947.95 	95.71 	9.26 	1	1
874	386480.93 	3124947.93 	95.70 	9.32 	1	1
875	386481.18 	3124947.90 	95.69 	9.38 	1	1
876	386481.44 	3124947.87 	95.67 	9.43 	1	1
877	386481.70 	3124947.84 	95.64 	9.48 	1	1
878	386481.97 	3124947.80 	95.62 	9.52 	1	1
879	386482.23 	3124947.78 	95.59 	9.59 	1	1
880	386482.50 	3124947.74 	95.58 	9.67 	1	1
881	386482.78 	3124947.72 	95.57 	9.75 	1	1
882	386483.06 	3124947.68 	95.56 	9.86 	1	1
883	386483.32 	3124947.66 	95.58 	9.92 	1	1
884	386483.60 	3124947.62 	95.57 	9.95 	1	1
885	386483.88 	3124947.58 	95.54 	9.94 	1	1
886	386484.16 	3124947.55 	95.53 	9.92 	1	1
887	386484.43 	3124947.52 	95.53 	9.87 	1	1
888	386484.70 	3124947.49 	95.49 	9.81 	1	1
889	386484.98 	3124947.46 	95.50 	9.74 	1	1
890	386485.25 	3124947.43 	95.49 	9.67 	1	1
891	386485.52 	3124947.41 	95.47 	9.59 	1	1
892	386485.82 	3124947.41 	95.40 	9.61 	1	1
893	386486.06 	3124947.37 	95.39 	9.51 	1	1
894	386486.32 	3124947.34 	95.37 	9.41 	1	1
895	386486.58 	3124947.31 	95.35 	9.31 	1	1
896	386486.84 	3124947.28 	95.35 	9.22 	1	1
897	386487.09 	3124947.26 	95.34 	9.14 	1	1
898	386487.35 	3124947.23 	95.31 	9.05 	1	1
899	386487.59 	3124947.20 	95.28 	8.96 	1	1
900	386487.84 	3124947.17 	95.30 	8.87 	1	1
901	386488.08 	3124947.15 	95.31 	8.81 	1	1
902	386488.34 	3124947.12 	95.32 	8.79 	1	1
903	386488.57 	3124947.10 	95.32 	8.73 	1	1
904	386488.82 	3124947.07 	95.30 	8.66 	1	1
905	386489.05 	3124947.05 	95.32 	8.59 	1	1
906	386489.29 	3124947.02 	95.31 	8.52 	1	1
907	386489.53 	3124946.99 	95.28 	8.45 	1	1
908	386489.77 	3124946.96 	95.25 	8.38 	1	1
909	386489.99 	3124946.93 	95.23 	8.31 	1	1
910	386490.23 	3124946.92 	95.19 	8.25 	1	1
911	386490.45 	3124946.89 	95.15 	8.19 	1	1
912	386490.69 	3124946.85 	95.09 	8.09 	1	1
913	386490.90 	3124946.83 	95.05 	8.04 	1	1
914	386491.12 	3124946.81 	95.02 	7.97 	1	1
915	386491.34 	3124946.80 	94.99 	7.90 	1	1
916	386491.56 	3124946.77 	94.97 	7.85 	1	1
917	386491.77 	3124946.75 	94.97 	7.80 	1	1
918	386491.99 	3124946.73 	94.94 	7.76 	1	1
919	386492.21 	3124946.71 	94.92 	7.71 	1	1
920	386492.42 	3124946.69 	94.88 	7.66 	1	1
921	386492.63 	3124946.66 	94.85 	7.62 	1	1
922	386492.84 	3124946.65 	94.80 	7.60 	1	1
923	386493.05 	3124946.62 	94.76 	7.54 	1	1
924	386493.25 	3124946.60 	94.74 	7.48 	1	1
925	386493.46 	3124946.59 	94.68 	7.43 	1	1
926	386493.66 	3124946.56 	94.65 	7.39 	1	1
927	386493.86 	3124946.55 	94.61 	7.35 	1	1
928	386494.07 	3124946.53 	94.58 	7.32 	1	1
929	386494.27 	3124946.51 	94.56 	7.28 	1	1
930	386494.47 	3124946.50 	94.57 	7.24 	1	1
931	386494.67 	3124946.49 	94.57 	7.20 	1	1
932	386494.86 	3124946.46 	94.59 	7.19 	1	1
933	386495.07 	3124946.44 	94.61 	7.15 	1	1
934	386495.26 	3124946.42 	94.62 	7.12 	1	1
935	386495.46 	3124946.40 	94.62 	7.08 	1	1
936	386495.64 	3124946.39 	94.63 	7.04 	1	1
937	386495.84 	3124946.37 	94.64 	7.00 	1	1
938	386496.02 	3124946.35 	94.68 	6.95 	1	1
939	386496.21 	3124946.33 	94.70 	6.91 	1	1
940	386496.41 	3124946.31 	94.71 	6.87 	1	1
941	386496.59 	3124946.29 	94.71 	6.86 	1	1
942	386496.76 	3124946.28 	94.66 	6.80 	1	1
943	386496.97 	3124946.26 	94.70 	6.84 	1	1
944	386497.15 	3124946.24 	94.73 	6.88 	1	1
945	386497.35 	3124946.22 	94.79 	6.91 	1	1
946	386497.54 	3124946.20 	94.85 	6.93 	1	1
947	386497.72 	3124946.18 	94.87 	6.96 	1	1
948	386497.92 	3124946.17 	94.90 	7.00 	1	1
949	386498.12 	3124946.14 	94.95 	7.04 	1	1
950	386498.31 	3124946.12 	95.00 	7.09 	1	1
951	386498.52 	3124946.11 	95.05 	7.16 	1	1
952	386498.72 	3124946.08 	95.04 	7.27 	1	1
953	386498.92 	3124946.06 	95.10 	7.30 	1	1
954	386499.12 	3124946.04 	95.14 	7.33 	1	1
955	386499.31 	3124946.02 	95.19 	7.39 	1	1
956	386499.52 	3124946.01 	95.25 	7.45 	1	1
957	386499.73 	3124945.97 	95.31 	7.51 	1	1
958	386499.93 	3124945.96 	95.40 	7.55 	1	1
959	386500.14 	3124945.94 	95.47 	7.60 	1	1
960	386500.35 	3124945.91 	95.56 	7.65 	1	1
961	386500.56 	3124945.88 	95.63 	7.71 	1	1
962	386500.76 	3124945.84 	95.66 	7.76 	1	1
963	386500.99 	3124945.83 	95.73 	7.80 	1	1
964	386501.21 	3124945.80 	95.80 	7.82 	1	1
965	386501.41 	3124945.78 	95.86 	7.85 	1	1
966	386501.63 	3124945.75 	95.94 	7.89 	1	1
967	386501.86 	3124945.72 	96.02 	7.93 	1	1
968	386502.07 	3124945.70 	96.09 	7.96 	1	1
969	386502.29 	3124945.67 	96.16 	8.01 	1	1
970	386502.51 	3124945.64 	96.21 	8.06 	1	1
971	386502.74 	3124945.61 	96.26 	8.12 	1	1
972	386502.96 	3124945.58 	96.32 	8.24 	1	1
973	386503.19 	3124945.55 	96.38 	8.30 	1	1
974	386503.43 	3124945.52 	96.43 	8.34 	1	1
975	386503.65 	3124945.49 	96.43 	8.39 	1	1
976	386503.89 	3124945.47 	96.40 	8.43 	1	1
977	386504.12 	3124945.44 	96.36 	8.47 	1	1
978	386504.35 	3124945.42 	96.29 	8.50 	1	1
979	386504.60 	3124945.38 	96.19 	8.53 	1	1
980	386504.83 	3124945.36 	96.06 	8.56 	1	1
981	386505.07 	3124945.33 	95.89 	8.58 	1	1
982	386505.31 	3124945.28 	95.69 	8.56 	1	1
983	386505.55 	3124945.27 	95.47 	8.55 	1	1
984	386505.78 	3124945.25 	95.25 	8.52 	1	1
985	386506.03 	3124945.24 	95.00 	8.47 	1	1
986	386506.26 	3124945.21 	94.75 	8.40 	1	1
987	386506.51 	3124945.19 	94.49 	8.33 	1	1
988	386506.74 	3124945.17 	94.20 	8.25 	1	1
989	386506.98 	3124945.15 	93.91 	8.16 	1	1
990	386507.20 	3124945.13 	93.59 	8.09 	1	1
991	386507.44 	3124945.12 	93.27 	8.05 	1	1
992	386507.70 	3124945.12 	92.88 	8.10 	1	1
993	386507.90 	3124945.10 	92.52 	8.03 	1	1
994	386508.11 	3124945.09 	92.14 	7.96 	1	1
995	386508.33 	3124945.09 	91.75 	7.90 	1	1
996	386508.55 	3124945.08 	91.32 	7.83 	1	1
997	386508.77 	3124945.08 	90.86 	7.76 	1	1
998	386508.99 	3124945.08 	90.43 	7.71 	1	1
999	386509.20 	3124945.08 	90.00 	7.65 	1	1
1000	386509.41 	3124945.09 	89.58 	7.59 	1	1
1001	386509.63 	3124945.09 	89.19 	7.57 	1	1
1002	386509.86 	3124945.11 	88.79 	7.69 	1	1
1003	386510.05 	3124945.10 	88.41 	7.61 	1	1
1004	386510.26 	3124945.11 	88.04 	7.54 	1	1
1005	386510.47 	3124945.12 	87.69 	7.48 	1	1
1006	386510.67 	3124945.13 	87.33 	7.44 	1	1
1007	386510.88 	3124945.14 	87.00 	7.47 	1	1
1008	386511.08 	3124945.16 	86.68 	7.52 	1	1
1009	386511.28 	3124945.17 	86.39 	7.60 	1	1
1010	386511.50 	3124945.19 	86.10 	7.65 	1	1
1011	386511.70 	3124945.20 	85.84 	7.69 	1	1
1012	386511.90 	3124945.19 	85.62 	7.67 	1	1
1013	386512.13 	3124945.23 	85.41 	7.76 	1	1
1014	386512.34 	3124945.25 	85.21 	7.87 	1	1
1015	386512.56 	3124945.26 	85.00 	7.99 	1	1
1016	386512.78 	3124945.28 	84.79 	8.12 	1	1
1017	386513.01 	3124945.30 	84.61 	8.27 	1	1
1018	386513.24 	3124945.32 	84.45 	8.39 	1	1
1019	386513.48 	3124945.35 	84.30 	8.52 	1	1
1020	386513.72 	3124945.37 	84.14 	8.64 	1	1
1021	386513.95 	3124945.40 	84.00 	8.75 	1	1
1022	386514.20 	3124945.40 	83.89 	8.80 	1	1
1023	386514.44 	3124945.44 	83.86 	8.88 	1	1
1024	386514.69 	3124945.47 	83.84 	8.95 	1	1
1025	386514.94 	3124945.48 	83.81 	9.01 	1	1
1026	386515.18 	3124945.51 	83.81 	9.03 	1	1
1027	386515.44 	3124945.53 	83.83 	9.04 	1	1
1028	386515.69 	3124945.56 	83.84 	9.03 	1	1
1029	386515.95 	3124945.58 	83.92 	8.99 	1	1
1030	386516.19 	3124945.62 	84.03 	8.93 	1	1
1031	386516.44 	3124945.63 	84.17 	8.86 	1	1
1032	386516.71 	3124945.61 	84.30 	8.80 	1	1
1033	386516.93 	3124945.66 	84.43 	8.73 	1	1
1034	386517.17 	3124945.68 	84.56 	8.63 	1	1
1035	386517.41 	3124945.70 	84.75 	8.57 	1	1
1036	386517.65 	3124945.73 	84.94 	8.50 	1	1
1037	386517.89 	3124945.75 	85.10 	8.43 	1	1
1038	386518.12 	3124945.77 	85.27 	8.37 	1	1
1039	386518.35 	3124945.78 	85.43 	8.30 	1	1
1040	386518.59 	3124945.80 	85.55 	8.25 	1	1
1041	386518.82 	3124945.82 	85.74 	8.28 	1	1
1042	386519.06 	3124945.78 	85.99 	8.29 	1	1
1043	386519.29 	3124945.83 	86.17 	8.35 	1	1
1044	386519.52 	3124945.85 	86.35 	8.42 	1	1
1045	386519.77 	3124945.86 	86.53 	8.49 	1	1
1046	386520.01 	3124945.87 	86.72 	8.59 	1	1
1047	386520.26 	3124945.87 	86.93 	8.68 	1	1
1048	386520.50 	3124945.89 	87.13 	8.74 	1	1
1049	386520.76 	3124945.88 	87.33 	8.80 	1	1
1050	386521.01 	3124945.90 	87.57 	8.84 	1	1
1051	386521.26 	3124945.90 	87.79 	8.90 	1	1
1052	386521.55 	3124945.85 	88.02 	8.98 	1	1
1053	386521.77 	3124945.90 	88.29 	8.99 	1	1
1054	386522.02 	3124945.90 	88.59 	8.96 	1	1
1055	386522.28 	3124945.90 	88.91 	8.90 	1	1
1056	386522.53 	3124945.90 	89.21 	8.82 	1	1
1057	386522.79 	3124945.89 	89.54 	8.73 	1	1
1058	386523.03 	3124945.89 	89.87 	8.58 	1	1
1059	386523.28 	3124945.87 	90.16 	8.49 	1	1
1060	386523.52 	3124945.87 	90.45 	8.37 	1	1
1061	386523.77 	3124945.86 	90.77 	8.32 	1	1
1062	386524.06 	3124945.82 	91.08 	8.43 	1	1
1063	386524.25 	3124945.83 	91.36 	8.34 	1	1
1064	386524.48 	3124945.83 	91.63 	8.26 	1	1
1065	386524.71 	3124945.81 	91.92 	8.19 	1	1
1066	386524.94 	3124945.80 	92.22 	8.14 	1	1
1067	386525.17 	3124945.78 	92.48 	8.15 	1	1
1068	386525.40 	3124945.76 	92.76 	8.25 	1	1
1069	386525.64 	3124945.74 	93.06 	8.34 	1	1
1070	386525.87 	3124945.73 	93.33 	8.42 	1	1
1071	386526.11 	3124945.70 	93.61 	8.51 	1	1
1072	386526.38 	3124945.62 	93.93 	8.66 	1	1
1073	386526.60 	3124945.63 	94.23 	8.73 	1	1
1074	386526.84 	3124945.60 	94.54 	8.81 	1	1
1075	386527.09 	3124945.58 	94.87 	8.89 	1	1
1076	386527.34 	3124945.55 	95.20 	8.93 	1	1
1077	386527.59 	3124945.52 	95.51 	8.94 	1	1
1078	386527.83 	3124945.48 	95.83 	8.91 	1	1
1079	386528.08 	3124945.44 	96.15 	8.86 	1	1
1080	386528.32 	3124945.41 	96.47 	8.80 	1	1
1081	386528.58 	3124945.38 	96.76 	8.73 	1	1
1082	386528.84 	3124945.32 	97.03 	8.66 	1	1
1083	386529.07 	3124945.30 	97.30 	8.59 	1	1
1084	386529.30 	3124945.27 	97.57 	8.52 	1	1
1085	386529.54 	3124945.23 	97.84 	8.46 	1	1
1086	386529.76 	3124945.18 	98.09 	8.38 	1	1
1087	386530.00 	3124945.15 	98.38 	8.31 	1	1
1088	386530.22 	3124945.10 	98.66 	8.24 	1	1
1089	386530.46 	3124945.07 	98.93 	8.16 	1	1
1090	386530.67 	3124945.02 	99.20 	8.09 	1	1
1091	386530.90 	3124944.97 	99.48 	8.05 	1	1
1092	386531.15 	3124944.94 	99.77 	8.12 	1	1
1093	386531.35 	3124944.89 	100.08 	8.05 	1	1
1094	386531.57 	3124944.84 	100.38 	7.96 	1	1
1095	386531.79 	3124944.80 	100.67 	7.88 	1	1
1096	386531.99 	3124944.75 	100.99 	7.80 	1	1
1097	386532.21 	3124944.70 	101.30 	7.73 	1	1
1098	386532.41 	3124944.66 	101.60 	7.66 	1	1
1099	386532.62 	3124944.60 	101.96 	7.59 	1	1
1100	386532.82 	3124944.55 	102.31 	7.53 	1	1
1101	386533.03 	3124944.50 	102.69 	7.47 	1	1
1102	386533.24 	3124944.47 	103.10 	7.47 	1	1
1103	386533.43 	3124944.39 	103.50 	7.41 	1	1
1104	386533.63 	3124944.35 	103.88 	7.36 	1	1
1105	386533.82 	3124944.29 	104.29 	7.33 	1	1
1106	386534.02 	3124944.23 	104.69 	7.30 	1	1
1107	386534.21 	3124944.17 	105.12 	7.25 	1	1
1108	386534.40 	3124944.11 	105.53 	7.20 	1	1
1109	386534.59 	3124944.05 	105.96 	7.14 	1	1
1110	386534.78 	3124943.99 	106.38 	7.09 	1	1
1111	386534.96 	3124943.92 	106.81 	7.04 	1	1
1112	386535.15 	3124943.86 	107.24 	6.99 	1	1
1113	386535.33 	3124943.79 	107.66 	6.95 	1	1
1114	386535.51 	3124943.73 	108.08 	6.92 	1	1
1115	386535.69 	3124943.66 	108.51 	6.88 	1	1
1116	386535.87 	3124943.59 	108.92 	6.83 	1	1
1117	386536.04 	3124943.52 	109.32 	6.79 	1	1
1118	386536.21 	3124943.45 	109.73 	6.78 	1	1
1119	386536.39 	3124943.38 	110.13 	6.76 	1	1
1120	386536.56 	3124943.31 	110.49 	6.75 	1	1
1121	386536.73 	3124943.24 	110.84 	6.72 	1	1
1122	386536.92 	3124943.18 	111.18 	6.65 	1	1
1123	386537.08 	3124943.09 	111.50 	6.63 	1	1
1124	386537.25 	3124943.02 	111.78 	6.61 	1	1
1125	386537.43 	3124942.95 	112.03 	6.57 	1	1
1126	386537.59 	3124942.88 	112.25 	6.55 	1	1
1127	386537.76 	3124942.81 	112.45 	6.55 	1	1
1128	386537.92 	3124942.73 	112.62 	6.54 	1	1
1129	386538.09 	3124942.65 	112.79 	6.53 	1	1
1130	386538.26 	3124942.57 	112.90 	6.52 	1	1
1131	386538.43 	3124942.50 	113.01 	6.51 	1	1
1132	386538.61 	3124942.45 	113.10 	6.51 	1	1
1133	386538.76 	3124942.35 	113.16 	6.50 	1	1
1134	386538.92 	3124942.28 	113.19 	6.48 	1	1
1135	386539.08 	3124942.21 	113.26 	6.47 	1	1
1136	386539.24 	3124942.14 	113.31 	6.45 	1	1
1137	386539.41 	3124942.06 	113.36 	6.44 	1	1
1138	386539.57 	3124941.99 	113.40 	6.43 	1	1
1139	386539.74 	3124941.91 	113.44 	6.42 	1	1
1140	386539.90 	3124941.84 	113.44 	6.41 	1	1
1141	386540.06 	3124941.77 	113.42 	6.39 	1	1
1142	386540.23 	3124941.72 	113.31 	6.35 	1	1
1143	386540.39 	3124941.63 	113.28 	6.34 	1	1
1144	386540.54 	3124941.55 	113.19 	6.33 	1	1
1145	386540.70 	3124941.48 	113.02 	6.31 	1	1
1146	386540.86 	3124941.41 	112.80 	6.29 	1	1
1147	386541.02 	3124941.34 	112.52 	6.28 	1	1
1148	386541.18 	3124941.27 	112.21 	6.26 	1	1
1149	386541.35 	3124941.21 	111.85 	6.24 	1	1
1150	386541.51 	3124941.14 	111.47 	6.23 	1	1
1151	386541.67 	3124941.08 	111.10 	6.23 	1	1
1152	386541.84 	3124941.03 	110.79 	6.19 	1	1
1153	386542.00 	3124940.96 	110.37 	6.18 	1	1
1154	386542.16 	3124940.91 	109.92 	6.18 	1	1
1155	386542.32 	3124940.85 	109.49 	6.22 	1	1
1156	386542.49 	3124940.79 	109.08 	6.26 	1	1
1157	386542.66 	3124940.73 	108.68 	6.35 	1	1
1158	386542.83 	3124940.68 	108.29 	6.49 	1	1
1159	386543.01 	3124940.62 	107.91 	6.66 	1	1
1160	386543.19 	3124940.56 	107.51 	6.85 	1	1
1161	386543.38 	3124940.51 	107.07 	7.00 	1	1
1162	386543.59 	3124940.48 	106.56 	7.11 	1	1
1163	386543.76 	3124940.40 	106.15 	7.22 	1	1
1164	386543.96 	3124940.34 	105.72 	7.32 	1	1
1165	386544.16 	3124940.29 	105.28 	7.42 	1	1
1166	386544.36 	3124940.24 	104.86 	7.51 	1	1
1167	386544.56 	3124940.19 	104.46 	7.61 	1	1
1168	386544.77 	3124940.14 	104.07 	7.74 	1	1
1169	386544.99 	3124940.08 	103.69 	7.87 	1	1
1170	386545.20 	3124940.04 	103.31 	8.01 	1	1
1171	386545.42 	3124939.99 	102.97 	8.14 	1	1
1172	386545.66 	3124939.92 	102.71 	8.28 	1	1
1173	386545.88 	3124939.87 	102.33 	8.40 	1	1
1174	386546.11 	3124939.82 	101.95 	8.51 	1	1
1175	386546.34 	3124939.78 	101.57 	8.61 	1	1
1176	386546.59 	3124939.72 	101.19 	8.70 	1	1
1177	386546.82 	3124939.68 	100.81 	8.79 	1	1
1178	386547.06 	3124939.64 	100.44 	8.88 	1	1
1179	386547.31 	3124939.59 	100.08 	8.96 	1	1
1180	386547.56 	3124939.55 	99.75 	9.05 	1	1
1181	386547.81 	3124939.51 	99.41 	9.11 	1	1
1182	386548.06 	3124939.47 	99.12 	9.12 	1	1
1183	386548.31 	3124939.43 	98.81 	9.18 	1	1
1184	386548.56 	3124939.39 	98.52 	9.24 	1	1
1185	386548.82 	3124939.35 	98.28 	9.29 	1	1
1186	386549.07 	3124939.31 	98.05 	9.33 	1	1
1187	386549.33 	3124939.28 	97.86 	9.39 	1	1
1188	386549.59 	3124939.24 	97.70 	9.44 	1	1
1189	386549.86 	3124939.21 	97.54 	9.48 	1	1
1190	386550.12 	3124939.17 	97.43 	9.51 	1	1
1191	386550.38 	3124939.14 	97.33 	9.54 	1	1
1192	386550.65 	3124939.08 	97.29 	9.57 	1	1
1193	386550.92 	3124939.05 	97.25 	9.62 	1	1
1194	386551.18 	3124939.02 	97.22 	9.65 	1	1
1195	386551.44 	3124938.98 	97.20 	9.69 	1	1
1196	386551.71 	3124938.95 	97.17 	9.72 	1	1
1197	386551.98 	3124938.91 	97.17 	9.74 	1	1
1198	386552.25 	3124938.87 	97.16 	9.76 	1	1
1199	386552.52 	3124938.83 	97.14 	9.79 	1	1
1200	386552.79 	3124938.80 	97.12 	9.81 	1	1
1201	386553.06 	3124938.76 	97.08 	9.84 	1	1
1202	386553.34 	3124938.70 	97.03 	9.88 	1	1
1203	386553.60 	3124938.68 	96.99 	9.91 	1	1
1204	386553.88 	3124938.65 	96.96 	9.94 	1	1
1205	386554.15 	3124938.61 	96.95 	9.97 	1	1
1206	386554.43 	3124938.58 	96.95 	10.00 	1	1
1207	386554.69 	3124938.54 	96.94 	10.02 	1	1
1208	386554.97 	3124938.50 	96.95 	10.05 	1	1
1209	386555.24 	3124938.46 	96.96 	10.08 	1	1
1210	386555.53 	3124938.42 	96.94 	10.11 	1	1
1211	386555.80 	3124938.38 	96.94 	10.12 	1	1
1212	386556.07 	3124938.34 	96.94 	10.09 	1	1
1213	386556.35 	3124938.31 	96.95 	10.12 	1	1
1214	386556.62 	3124938.27 	96.95 	10.15 	1	1
1215	386556.90 	3124938.23 	96.95 	10.18 	1	1
1216	386557.18 	3124938.19 	96.94 	10.22 	1	1
1217	386557.46 	3124938.16 	96.98 	10.26 	1	1
1218	386557.74 	3124938.12 	96.99 	10.30 	1	1
1219	386558.02 	3124938.08 	97.01 	10.33 	1	1
1220	386558.30 	3124938.04 	97.01 	10.35 	1	1
1221	386558.58 	3124938.00 	97.03 	10.35 	1	1
1222	386558.85 	3124937.97 	97.02 	10.25 	1	1
1223	386559.14 	3124937.94 	97.02 	10.22 	1	1
1224	386559.42 	3124937.90 	97.01 	10.19 	1	1
1225	386559.69 	3124937.86 	97.03 	10.15 	1	1
1226	386559.97 	3124937.82 	97.05 	10.09 	1	1
1227	386560.24 	3124937.79 	97.07 	10.01 	1	1
1228	386560.51 	3124937.75 	97.08 	9.90 	1	1
1229	386560.78 	3124937.71 	97.10 	9.80 	1	1
1230	386561.04 	3124937.67 	97.10 	9.69 	1	1
1231	386561.30 	3124937.63 	97.10 	9.55 	1	1
1232	386561.53 	3124937.60 	97.11 	9.30 	1	1
1233	386561.81 	3124937.56 	97.15 	9.21 	1	1
1234	386562.06 	3124937.53 	97.16 	9.11 	1	1
1235	386562.30 	3124937.50 	97.19 	9.01 	1	1
1236	386562.55 	3124937.47 	97.19 	8.89 	1	1
1237	386562.78 	3124937.43 	97.23 	8.77 	1	1
1238	386563.03 	3124937.40 	97.27 	8.63 	1	1
1239	386563.25 	3124937.36 	97.28 	8.51 	1	1
1240	386563.49 	3124937.34 	97.30 	8.39 	1	1
1241	386563.71 	3124937.30 	97.33 	8.27 	1	1
1242	386563.91 	3124937.27 	97.31 	8.11 	1	1
1243	386564.14 	3124937.24 	97.30 	8.00 	1	1
1244	386564.36 	3124937.21 	97.29 	7.88 	1	1
1245	386564.56 	3124937.18 	97.28 	7.77 	1	1
1246	386564.77 	3124937.15 	97.32 	7.66 	1	1
1247	386564.97 	3124937.12 	97.33 	7.55 	1	1
1248	386565.18 	3124937.09 	97.32 	7.42 	1	1
1249	386565.37 	3124937.06 	97.34 	7.30 	1	1
1250	386565.57 	3124937.03 	97.33 	7.17 	1	1
1251	386565.75 	3124937.01 	97.36 	7.05 	1	1
1252	386565.92 	3124936.99 	97.38 	6.87 	1	1
1253	386566.12 	3124936.96 	97.39 	6.74 	1	1
1254	386566.30 	3124936.93 	97.42 	6.56 	1	1
1255	386566.47 	3124936.91 	97.43 	6.37 	1	1
1256	386566.64 	3124936.89 	97.43 	6.17 	1	1
1257	386566.80 	3124936.86 	97.43 	5.96 	1	1
1258	386566.96 	3124936.84 	97.44 	5.74 	1	1
1259	386567.10 	3124936.83 	97.44 	5.52 	1	1
1260	386567.25 	3124936.80 	97.47 	5.33 	1	1
1261	386567.38 	3124936.78 	97.47 	5.13 	1	1
1262	386567.48 	3124936.78 	97.44 	4.86 	1	1
1263	386567.63 	3124936.75 	97.45 	4.66 	1	1
1264	386567.76 	3124936.73 	97.44 	4.47 	1	1
1265	386567.87 	3124936.71 	97.47 	4.27 	1	1
1266	386567.98 	3124936.70 	97.47 	4.07 	1	1
1267	386568.08 	3124936.69 	97.47 	3.86 	1	1
1268	386568.18 	3124936.66 	97.47 	3.64 	1	1
1269	386568.26 	3124936.65 	97.48 	3.42 	1	1
1270	386568.36 	3124936.64 	97.47 	3.18 	1	1
