1.00 	386571.29 	3124945.42 	277.07 	3.70 	1.00 	1.00 
2.00 	386571.28 	3124945.43 	277.11 	3.67 	1.00 	1.00 
3.00 	386571.21 	3124945.48 	277.13 	3.56 	1.00 	1.00 
4.00 	386571.10 	3124945.48 	277.12 	3.63 	1.00 	1.00 
5.00 	386571.00 	3124945.49 	277.11 	3.70 	1.00 	1.00 
6.00 	386570.88 	3124945.50 	277.10 	3.76 	1.00 	1.00 
7.00 	386570.77 	3124945.51 	277.12 	3.82 	1.00 	1.00 
8.00 	386570.66 	3124945.53 	277.10 	3.86 	1.00 	1.00 
9.00 	386570.55 	3124945.55 	277.10 	3.90 	1.00 	1.00 
10.00 	386570.44 	3124945.56 	277.10 	3.94 	1.00 	1.00 
11.00 	386570.33 	3124945.57 	277.11 	3.97 	1.00 	1.00 
12.00 	386570.21 	3124945.59 	277.10 	4.01 	1.00 	1.00 
13.00 	386570.08 	3124945.62 	277.08 	4.14 	1.00 	1.00 
14.00 	386569.97 	3124945.62 	277.05 	4.34 	1.00 	1.00 
15.00 	386569.84 	3124945.63 	277.05 	4.60 	1.00 	1.00 
16.00 	386569.71 	3124945.65 	277.00 	4.87 	1.00 	1.00 
17.00 	386569.58 	3124945.67 	277.01 	5.11 	1.00 	1.00 
18.00 	386569.42 	3124945.69 	277.02 	5.36 	1.00 	1.00 
19.00 	386569.27 	3124945.72 	277.04 	5.60 	1.00 	1.00 
20.00 	386569.10 	3124945.74 	277.04 	5.84 	1.00 	1.00 
21.00 	386568.94 	3124945.75 	277.04 	6.08 	1.00 	1.00 
22.00 	386568.76 	3124945.78 	277.01 	6.33 	1.00 	1.00 
23.00 	386568.55 	3124945.82 	277.01 	6.63 	1.00 	1.00 
24.00 	386568.38 	3124945.84 	276.99 	6.87 	1.00 	1.00 
25.00 	386568.19 	3124945.86 	276.99 	7.11 	1.00 	1.00 
26.00 	386567.99 	3124945.89 	276.99 	7.36 	1.00 	1.00 
27.00 	386567.78 	3124945.92 	276.96 	7.61 	1.00 	1.00 
28.00 	386567.56 	3124945.95 	276.95 	7.86 	1.00 	1.00 
29.00 	386567.34 	3124945.98 	276.96 	8.10 	1.00 	1.00 
30.00 	386567.11 	3124946.01 	276.92 	8.28 	1.00 	1.00 
31.00 	386566.88 	3124946.04 	276.93 	8.40 	1.00 	1.00 
32.00 	386566.64 	3124946.08 	276.90 	8.47 	1.00 	1.00 
33.00 	386566.40 	3124946.11 	276.89 	8.47 	1.00 	1.00 
34.00 	386566.18 	3124946.15 	276.90 	8.53 	1.00 	1.00 
35.00 	386565.93 	3124946.17 	276.92 	8.60 	1.00 	1.00 
36.00 	386565.68 	3124946.20 	276.91 	8.68 	1.00 	1.00 
37.00 	386565.44 	3124946.23 	276.95 	8.78 	1.00 	1.00 
38.00 	386565.19 	3124946.27 	276.98 	8.91 	1.00 	1.00 
39.00 	386564.94 	3124946.30 	276.98 	9.04 	1.00 	1.00 
40.00 	386564.67 	3124946.34 	276.99 	9.18 	1.00 	1.00 
41.00 	386564.42 	3124946.36 	276.99 	9.34 	1.00 	1.00 
42.00 	386564.15 	3124946.40 	276.99 	9.53 	1.00 	1.00 
43.00 	386563.85 	3124946.44 	277.01 	9.77 	1.00 	1.00 
44.00 	386563.62 	3124946.47 	277.03 	9.93 	1.00 	1.00 
45.00 	386563.34 	3124946.51 	277.06 	10.07 	1.00 	1.00 
46.00 	386563.06 	3124946.54 	277.09 	10.21 	1.00 	1.00 
47.00 	386562.78 	3124946.58 	277.10 	10.35 	1.00 	1.00 
48.00 	386562.49 	3124946.63 	277.10 	10.44 	1.00 	1.00 
49.00 	386562.20 	3124946.66 	277.11 	10.49 	1.00 	1.00 
50.00 	386561.91 	3124946.70 	277.11 	10.52 	1.00 	1.00 
51.00 	386561.62 	3124946.75 	277.15 	10.55 	1.00 	1.00 
52.00 	386561.33 	3124946.79 	277.12 	10.56 	1.00 	1.00 
53.00 	386561.04 	3124946.85 	277.15 	10.57 	1.00 	1.00 
54.00 	386560.74 	3124946.87 	277.15 	10.54 	1.00 	1.00 
55.00 	386560.45 	3124946.91 	277.14 	10.51 	1.00 	1.00 
56.00 	386560.17 	3124946.95 	277.16 	10.42 	1.00 	1.00 
57.00 	386559.89 	3124946.99 	277.22 	10.36 	1.00 	1.00 
58.00 	386559.61 	3124947.02 	277.20 	10.27 	1.00 	1.00 
59.00 	386559.33 	3124947.07 	277.22 	10.19 	1.00 	1.00 
60.00 	386559.06 	3124947.10 	277.23 	10.12 	1.00 	1.00 
61.00 	386558.79 	3124947.14 	277.25 	10.04 	1.00 	1.00 
62.00 	386558.52 	3124947.17 	277.21 	9.91 	1.00 	1.00 
63.00 	386558.27 	3124947.20 	277.25 	9.68 	1.00 	1.00 
64.00 	386557.99 	3124947.25 	277.25 	9.61 	1.00 	1.00 
65.00 	386557.72 	3124947.28 	277.27 	9.54 	1.00 	1.00 
66.00 	386557.45 	3124947.33 	277.28 	9.47 	1.00 	1.00 
67.00 	386557.19 	3124947.37 	277.30 	9.40 	1.00 	1.00 
68.00 	386556.92 	3124947.42 	277.31 	9.34 	1.00 	1.00 
69.00 	386556.66 	3124947.46 	277.32 	9.27 	1.00 	1.00 
70.00 	386556.41 	3124947.49 	277.30 	9.20 	1.00 	1.00 
71.00 	386556.16 	3124947.53 	277.35 	9.13 	1.00 	1.00 
72.00 	386555.90 	3124947.57 	277.41 	9.11 	1.00 	1.00 
73.00 	386555.62 	3124947.61 	277.45 	9.20 	1.00 	1.00 
74.00 	386555.40 	3124947.65 	277.55 	9.16 	1.00 	1.00 
75.00 	386555.15 	3124947.68 	277.62 	9.11 	1.00 	1.00 
76.00 	386554.90 	3124947.72 	277.70 	9.06 	1.00 	1.00 
77.00 	386554.66 	3124947.75 	277.77 	9.01 	1.00 	1.00 
78.00 	386554.43 	3124947.79 	277.89 	8.95 	1.00 	1.00 
79.00 	386554.19 	3124947.82 	277.99 	8.89 	1.00 	1.00 
80.00 	386553.96 	3124947.86 	278.08 	8.83 	1.00 	1.00 
81.00 	386553.72 	3124947.90 	278.21 	8.78 	1.00 	1.00 
82.00 	386553.49 	3124947.93 	278.31 	8.69 	1.00 	1.00 
83.00 	386553.30 	3124947.98 	278.46 	8.47 	1.00 	1.00 
84.00 	386553.03 	3124948.01 	278.66 	8.44 	1.00 	1.00 
85.00 	386552.80 	3124948.05 	278.86 	8.41 	1.00 	1.00 
86.00 	386552.57 	3124948.10 	279.07 	8.38 	1.00 	1.00 
87.00 	386552.35 	3124948.13 	279.26 	8.33 	1.00 	1.00 
88.00 	386552.13 	3124948.18 	279.45 	8.27 	1.00 	1.00 
89.00 	386551.91 	3124948.21 	279.64 	8.23 	1.00 	1.00 
90.00 	386551.69 	3124948.26 	279.84 	8.18 	1.00 	1.00 
91.00 	386551.47 	3124948.30 	280.01 	8.13 	1.00 	1.00 
92.00 	386551.26 	3124948.34 	280.13 	8.06 	1.00 	1.00 
93.00 	386551.06 	3124948.40 	280.30 	7.94 	1.00 	1.00 
94.00 	386550.82 	3124948.44 	280.43 	7.91 	1.00 	1.00 
95.00 	386550.61 	3124948.48 	280.56 	7.87 	1.00 	1.00 
96.00 	386550.39 	3124948.53 	280.68 	7.82 	1.00 	1.00 
97.00 	386550.18 	3124948.57 	280.72 	7.79 	1.00 	1.00 
98.00 	386549.97 	3124948.61 	280.74 	7.75 	1.00 	1.00 
99.00 	386549.76 	3124948.66 	280.75 	7.70 	1.00 	1.00 
100.00 	386549.55 	3124948.70 	280.71 	7.66 	1.00 	1.00 
101.00 	386549.34 	3124948.75 	280.64 	7.62 	1.00 	1.00 
102.00 	386549.14 	3124948.79 	280.49 	7.57 	1.00 	1.00 
103.00 	386548.94 	3124948.81 	280.29 	7.48 	1.00 	1.00 
104.00 	386548.74 	3124948.86 	280.08 	7.44 	1.00 	1.00 
105.00 	386548.54 	3124948.90 	279.80 	7.40 	1.00 	1.00 
106.00 	386548.34 	3124948.94 	279.46 	7.35 	1.00 	1.00 
107.00 	386548.14 	3124948.98 	279.11 	7.31 	1.00 	1.00 
108.00 	386547.93 	3124949.01 	278.70 	7.27 	1.00 	1.00 
109.00 	386547.74 	3124949.05 	278.20 	7.24 	1.00 	1.00 
110.00 	386547.54 	3124949.06 	277.65 	7.19 	1.00 	1.00 
111.00 	386547.35 	3124949.10 	277.03 	7.13 	1.00 	1.00 
112.00 	386547.16 	3124949.12 	276.32 	7.06 	1.00 	1.00 
113.00 	386546.96 	3124949.09 	275.60 	6.99 	1.00 	1.00 
114.00 	386546.77 	3124949.15 	274.77 	6.94 	1.00 	1.00 
115.00 	386546.57 	3124949.17 	273.91 	6.90 	1.00 	1.00 
116.00 	386546.39 	3124949.17 	272.99 	6.85 	1.00 	1.00 
117.00 	386546.20 	3124949.18 	271.96 	6.80 	1.00 	1.00 
118.00 	386546.00 	3124949.18 	270.84 	6.72 	1.00 	1.00 
119.00 	386545.82 	3124949.19 	269.62 	6.65 	1.00 	1.00 
120.00 	386545.64 	3124949.17 	268.37 	6.57 	1.00 	1.00 
121.00 	386545.46 	3124949.18 	267.03 	6.48 	1.00 	1.00 
122.00 	386545.28 	3124949.15 	265.67 	6.36 	1.00 	1.00 
123.00 	386545.11 	3124949.06 	264.14 	6.16 	1.00 	1.00 
124.00 	386544.94 	3124949.09 	262.49 	6.05 	1.00 	1.00 
125.00 	386544.77 	3124949.07 	260.71 	5.94 	1.00 	1.00 
126.00 	386544.61 	3124949.02 	258.83 	5.82 	1.00 	1.00 
127.00 	386544.46 	3124948.99 	256.83 	5.69 	1.00 	1.00 
128.00 	386544.30 	3124948.93 	254.77 	5.54 	1.00 	1.00 
129.00 	386544.16 	3124948.88 	252.66 	5.38 	1.00 	1.00 
130.00 	386544.02 	3124948.82 	250.47 	5.20 	1.00 	1.00 
131.00 	386543.89 	3124948.77 	248.32 	5.05 	1.00 	1.00 
132.00 	386543.76 	3124948.70 	246.28 	4.98 	1.00 	1.00 
133.00 	386543.65 	3124948.55 	244.22 	5.05 	1.00 	1.00 
134.00 	386543.54 	3124948.53 	242.18 	4.99 	1.00 	1.00 
135.00 	386543.42 	3124948.46 	240.16 	4.93 	1.00 	1.00 
136.00 	386543.32 	3124948.37 	238.16 	4.86 	1.00 	1.00 
137.00 	386543.22 	3124948.29 	236.16 	4.81 	1.00 	1.00 
138.00 	386543.13 	3124948.21 	234.25 	4.76 	1.00 	1.00 
139.00 	386543.03 	3124948.12 	232.31 	4.72 	1.00 	1.00 
140.00 	386542.95 	3124948.03 	230.44 	4.68 	1.00 	1.00 
141.00 	386542.85 	3124947.94 	228.56 	4.64 	1.00 	1.00 
142.00 	386542.78 	3124947.83 	226.80 	4.57 	1.00 	1.00 
143.00 	386542.76 	3124947.68 	225.01 	4.43 	1.00 	1.00 
144.00 	386542.64 	3124947.67 	223.25 	4.39 	1.00 	1.00 
145.00 	386542.57 	3124947.58 	221.50 	4.35 	1.00 	1.00 
146.00 	386542.51 	3124947.48 	219.75 	4.31 	1.00 	1.00 
147.00 	386542.44 	3124947.39 	218.01 	4.28 	1.00 	1.00 
148.00 	386542.39 	3124947.29 	216.30 	4.26 	1.00 	1.00 
149.00 	386542.33 	3124947.19 	214.61 	4.23 	1.00 	1.00 
150.00 	386542.29 	3124947.09 	212.94 	4.19 	1.00 	1.00 
151.00 	386542.23 	3124946.99 	211.30 	4.14 	1.00 	1.00 
152.00 	386542.19 	3124946.89 	209.79 	4.08 	1.00 	1.00 
153.00 	386542.22 	3124946.79 	208.22 	3.96 	1.00 	1.00 
154.00 	386542.13 	3124946.70 	206.63 	3.94 	1.00 	1.00 
155.00 	386542.09 	3124946.61 	205.06 	3.90 	1.00 	1.00 
156.00 	386542.06 	3124946.52 	203.48 	3.88 	1.00 	1.00 
157.00 	386542.03 	3124946.42 	201.89 	3.87 	1.00 	1.00 
158.00 	386542.01 	3124946.32 	200.33 	3.85 	1.00 	1.00 
159.00 	386541.98 	3124946.22 	198.79 	3.83 	1.00 	1.00 
160.00 	386541.96 	3124946.13 	197.25 	3.80 	1.00 	1.00 
161.00 	386541.94 	3124946.02 	195.75 	3.78 	1.00 	1.00 
162.00 	386541.94 	3124945.93 	194.29 	3.73 	1.00 	1.00 
163.00 	386542.00 	3124945.87 	192.78 	3.56 	1.00 	1.00 
164.00 	386541.92 	3124945.74 	191.28 	3.54 	1.00 	1.00 
165.00 	386541.91 	3124945.65 	189.76 	3.51 	1.00 	1.00 
166.00 	386541.90 	3124945.55 	188.34 	3.46 	1.00 	1.00 
167.00 	386541.90 	3124945.46 	186.90 	3.42 	1.00 	1.00 
168.00 	386541.90 	3124945.37 	185.49 	3.37 	1.00 	1.00 
169.00 	386541.90 	3124945.27 	184.11 	3.35 	1.00 	1.00 
170.00 	386541.91 	3124945.18 	182.69 	3.33 	1.00 	1.00 
171.00 	386541.92 	3124945.09 	181.27 	3.31 	1.00 	1.00 
172.00 	386541.93 	3124945.00 	179.95 	3.30 	1.00 	1.00 
173.00 	386541.96 	3124944.92 	178.55 	3.30 	1.00 	1.00 
174.00 	386541.96 	3124944.81 	177.17 	3.29 	1.00 	1.00 
175.00 	386541.98 	3124944.72 	175.77 	3.28 	1.00 	1.00 
176.00 	386542.00 	3124944.64 	174.41 	3.27 	1.00 	1.00 
177.00 	386542.02 	3124944.55 	173.06 	3.25 	1.00 	1.00 
178.00 	386542.04 	3124944.46 	171.69 	3.24 	1.00 	1.00 
179.00 	386542.06 	3124944.38 	170.32 	3.24 	1.00 	1.00 
180.00 	386542.08 	3124944.29 	168.94 	3.22 	1.00 	1.00 
181.00 	386542.11 	3124944.20 	167.55 	3.20 	1.00 	1.00 
182.00 	386542.14 	3124944.13 	166.27 	3.18 	1.00 	1.00 
183.00 	386542.17 	3124944.05 	164.92 	3.16 	1.00 	1.00 
184.00 	386542.20 	3124943.96 	163.53 	3.13 	1.00 	1.00 
185.00 	386542.23 	3124943.88 	162.16 	3.13 	1.00 	1.00 
186.00 	386542.27 	3124943.80 	160.83 	3.14 	1.00 	1.00 
187.00 	386542.31 	3124943.73 	159.49 	3.14 	1.00 	1.00 
188.00 	386542.35 	3124943.65 	158.11 	3.14 	1.00 	1.00 
189.00 	386542.39 	3124943.57 	156.73 	3.13 	1.00 	1.00 
190.00 	386542.44 	3124943.49 	155.35 	3.13 	1.00 	1.00 
191.00 	386542.48 	3124943.41 	153.99 	3.12 	1.00 	1.00 
192.00 	386542.53 	3124943.34 	152.71 	3.12 	1.00 	1.00 
193.00 	386542.61 	3124943.27 	151.36 	3.16 	1.00 	1.00 
194.00 	386542.65 	3124943.19 	150.06 	3.17 	1.00 	1.00 
195.00 	386542.69 	3124943.11 	148.77 	3.18 	1.00 	1.00 
196.00 	386542.74 	3124943.05 	147.55 	3.20 	1.00 	1.00 
197.00 	386542.80 	3124942.98 	146.34 	3.22 	1.00 	1.00 
198.00 	386542.86 	3124942.91 	145.15 	3.21 	1.00 	1.00 
199.00 	386542.92 	3124942.84 	144.01 	3.21 	1.00 	1.00 
200.00 	386542.99 	3124942.77 	142.87 	3.22 	1.00 	1.00 
201.00 	386543.05 	3124942.70 	141.78 	3.23 	1.00 	1.00 
202.00 	386543.11 	3124942.64 	140.80 	3.24 	1.00 	1.00 
203.00 	386543.20 	3124942.58 	139.74 	3.26 	1.00 	1.00 
204.00 	386543.24 	3124942.50 	138.69 	3.29 	1.00 	1.00 
205.00 	386543.31 	3124942.43 	137.67 	3.31 	1.00 	1.00 
206.00 	386543.38 	3124942.37 	136.67 	3.31 	1.00 	1.00 
207.00 	386543.45 	3124942.30 	135.67 	3.31 	1.00 	1.00 
208.00 	386543.52 	3124942.23 	134.68 	3.33 	1.00 	1.00 
209.00 	386543.60 	3124942.18 	133.71 	3.36 	1.00 	1.00 
210.00 	386543.68 	3124942.11 	132.81 	3.39 	1.00 	1.00 
211.00 	386543.75 	3124942.05 	131.93 	3.42 	1.00 	1.00 
212.00 	386543.84 	3124941.98 	131.21 	3.49 	1.00 	1.00 
213.00 	386543.95 	3124941.90 	130.38 	3.69 	1.00 	1.00 
214.00 	386544.01 	3124941.85 	129.55 	3.72 	1.00 	1.00 
215.00 	386544.09 	3124941.78 	128.76 	3.73 	1.00 	1.00 
216.00 	386544.18 	3124941.73 	127.97 	3.75 	1.00 	1.00 
217.00 	386544.26 	3124941.66 	127.20 	3.77 	1.00 	1.00 
218.00 	386544.36 	3124941.59 	126.45 	3.79 	1.00 	1.00 
219.00 	386544.44 	3124941.54 	125.64 	3.82 	1.00 	1.00 
220.00 	386544.53 	3124941.47 	124.87 	3.85 	1.00 	1.00 
221.00 	386544.63 	3124941.42 	124.12 	3.85 	1.00 	1.00 
222.00 	386544.72 	3124941.36 	123.48 	3.86 	1.00 	1.00 
223.00 	386544.83 	3124941.27 	122.71 	3.92 	1.00 	1.00 
224.00 	386544.92 	3124941.23 	121.92 	3.92 	1.00 	1.00 
225.00 	386545.01 	3124941.18 	121.17 	3.93 	1.00 	1.00 
226.00 	386545.12 	3124941.12 	120.38 	3.95 	1.00 	1.00 
227.00 	386545.22 	3124941.08 	119.59 	3.96 	1.00 	1.00 
228.00 	386545.32 	3124941.02 	118.80 	3.96 	1.00 	1.00 
229.00 	386545.42 	3124940.96 	118.06 	3.97 	1.00 	1.00 
230.00 	386545.53 	3124940.91 	117.30 	3.97 	1.00 	1.00 
231.00 	386545.64 	3124940.86 	116.53 	3.97 	1.00 	1.00 
232.00 	386545.75 	3124940.81 	115.88 	4.01 	1.00 	1.00 
233.00 	386545.89 	3124940.73 	115.11 	4.18 	1.00 	1.00 
234.00 	386545.98 	3124940.72 	114.37 	4.20 	1.00 	1.00 
235.00 	386546.09 	3124940.67 	113.65 	4.21 	1.00 	1.00 
236.00 	386546.21 	3124940.62 	112.93 	4.23 	1.00 	1.00 
237.00 	386546.32 	3124940.58 	112.22 	4.23 	1.00 	1.00 
238.00 	386546.44 	3124940.54 	111.56 	4.24 	1.00 	1.00 
239.00 	386546.55 	3124940.50 	110.89 	4.24 	1.00 	1.00 
240.00 	386546.68 	3124940.46 	110.26 	4.23 	1.00 	1.00 
241.00 	386546.79 	3124940.42 	109.65 	4.22 	1.00 	1.00 
242.00 	386546.92 	3124940.38 	109.18 	4.29 	1.00 	1.00 
243.00 	386547.09 	3124940.31 	108.56 	4.56 	1.00 	1.00 
244.00 	386547.17 	3124940.29 	107.94 	4.61 	1.00 	1.00 
245.00 	386547.30 	3124940.25 	107.36 	4.69 	1.00 	1.00 
246.00 	386547.44 	3124940.21 	106.77 	4.80 	1.00 	1.00 
247.00 	386547.57 	3124940.17 	106.22 	4.91 	1.00 	1.00 
248.00 	386547.71 	3124940.14 	105.65 	5.03 	1.00 	1.00 
249.00 	386547.85 	3124940.10 	105.14 	5.13 	1.00 	1.00 
250.00 	386548.00 	3124940.07 	104.63 	5.23 	1.00 	1.00 
251.00 	386548.14 	3124940.03 	104.15 	5.34 	1.00 	1.00 
252.00 	386548.30 	3124939.99 	103.84 	5.49 	1.00 	1.00 
253.00 	386548.50 	3124939.94 	103.40 	5.75 	1.00 	1.00 
254.00 	386548.62 	3124939.92 	103.00 	5.85 	1.00 	1.00 
255.00 	386548.79 	3124939.88 	102.63 	5.96 	1.00 	1.00 
256.00 	386548.96 	3124939.84 	102.37 	6.09 	1.00 	1.00 
257.00 	386549.13 	3124939.80 	102.15 	6.23 	1.00 	1.00 
258.00 	386549.31 	3124939.77 	101.98 	6.37 	1.00 	1.00 
259.00 	386549.49 	3124939.73 	101.81 	6.51 	1.00 	1.00 
260.00 	386549.68 	3124939.69 	101.63 	6.64 	1.00 	1.00 
261.00 	386549.86 	3124939.65 	101.49 	6.76 	1.00 	1.00 
262.00 	386550.06 	3124939.61 	101.27 	6.90 	1.00 	1.00 
263.00 	386550.30 	3124939.57 	101.17 	7.17 	1.00 	1.00 
264.00 	386550.47 	3124939.53 	101.07 	7.27 	1.00 	1.00 
265.00 	386550.67 	3124939.48 	100.97 	7.38 	1.00 	1.00 
266.00 	386550.89 	3124939.44 	100.88 	7.49 	1.00 	1.00 
267.00 	386551.10 	3124939.40 	100.78 	7.59 	1.00 	1.00 
268.00 	386551.31 	3124939.36 	100.69 	7.68 	1.00 	1.00 
269.00 	386551.53 	3124939.32 	100.61 	7.77 	1.00 	1.00 
270.00 	386551.75 	3124939.28 	100.52 	7.85 	1.00 	1.00 
271.00 	386551.97 	3124939.23 	100.42 	7.94 	1.00 	1.00 
272.00 	386552.20 	3124939.19 	100.24 	8.06 	1.00 	1.00 
273.00 	386552.47 	3124939.13 	100.13 	8.33 	1.00 	1.00 
274.00 	386552.67 	3124939.10 	99.97 	8.41 	1.00 	1.00 
275.00 	386552.90 	3124939.05 	99.81 	8.48 	1.00 	1.00 
276.00 	386553.14 	3124939.01 	99.63 	8.55 	1.00 	1.00 
277.00 	386553.37 	3124938.96 	99.47 	8.63 	1.00 	1.00 
278.00 	386553.62 	3124938.92 	99.29 	8.70 	1.00 	1.00 
279.00 	386553.86 	3124938.88 	99.11 	8.76 	1.00 	1.00 
280.00 	386554.11 	3124938.83 	98.94 	8.82 	1.00 	1.00 
281.00 	386554.35 	3124938.80 	98.77 	8.89 	1.00 	1.00 
282.00 	386554.61 	3124938.76 	98.64 	9.00 	1.00 	1.00 
283.00 	386554.90 	3124938.70 	98.43 	9.18 	1.00 	1.00 
284.00 	386555.13 	3124938.67 	98.27 	9.24 	1.00 	1.00 
285.00 	386555.39 	3124938.63 	98.10 	9.29 	1.00 	1.00 
286.00 	386555.65 	3124938.60 	97.90 	9.35 	1.00 	1.00 
287.00 	386555.92 	3124938.56 	97.71 	9.41 	1.00 	1.00 
288.00 	386556.18 	3124938.51 	97.55 	9.46 	1.00 	1.00 
289.00 	386556.45 	3124938.48 	97.45 	9.52 	1.00 	1.00 
290.00 	386556.73 	3124938.44 	97.42 	9.59 	1.00 	1.00 
291.00 	386557.00 	3124938.41 	97.42 	9.64 	1.00 	1.00 
292.00 	386557.28 	3124938.36 	97.41 	9.75 	1.00 	1.00 
293.00 	386557.60 	3124938.31 	97.50 	10.01 	1.00 	1.00 
294.00 	386557.84 	3124938.29 	97.52 	10.05 	1.00 	1.00 
295.00 	386558.12 	3124938.25 	97.54 	10.10 	1.00 	1.00 
296.00 	386558.40 	3124938.21 	97.59 	10.17 	1.00 	1.00 
297.00 	386558.69 	3124938.17 	97.63 	10.23 	1.00 	1.00 
298.00 	386558.97 	3124938.12 	97.66 	10.28 	1.00 	1.00 
299.00 	386559.26 	3124938.07 	97.66 	10.33 	1.00 	1.00 
300.00 	386559.55 	3124938.03 	97.66 	10.37 	1.00 	1.00 
301.00 	386559.83 	3124937.99 	97.65 	10.41 	1.00 	1.00 
302.00 	386560.13 	3124937.94 	97.61 	10.48 	1.00 	1.00 
303.00 	386560.45 	3124937.89 	97.58 	10.63 	1.00 	1.00 
304.00 	386560.73 	3124937.86 	97.55 	10.68 	1.00 	1.00 
305.00 	386561.02 	3124937.82 	97.49 	10.71 	1.00 	1.00 
306.00 	386561.32 	3124937.78 	97.45 	10.75 	1.00 	1.00 
307.00 	386561.62 	3124937.74 	97.43 	10.80 	1.00 	1.00 
308.00 	386561.92 	3124937.69 	97.39 	10.82 	1.00 	1.00 
309.00 	386562.22 	3124937.65 	97.34 	10.86 	1.00 	1.00 
310.00 	386562.52 	3124937.60 	97.29 	10.89 	1.00 	1.00 
311.00 	386562.82 	3124937.56 	97.22 	10.92 	1.00 	1.00 
312.00 	386563.13 	3124937.51 	97.14 	10.97 	1.00 	1.00 
313.00 	386563.46 	3124937.47 	97.13 	11.02 	1.00 	1.00 
314.00 	386563.76 	3124937.43 	97.10 	11.06 	1.00 	1.00 
315.00 	386564.07 	3124937.40 	97.05 	11.10 	1.00 	1.00 
316.00 	386564.39 	3124937.35 	97.01 	11.14 	1.00 	1.00 
317.00 	386564.69 	3124937.31 	96.99 	11.20 	1.00 	1.00 
318.00 	386565.01 	3124937.27 	96.93 	11.26 	1.00 	1.00 
319.00 	386565.32 	3124937.23 	96.88 	11.30 	1.00 	1.00 
320.00 	386565.65 	3124937.18 	96.83 	11.34 	1.00 	1.00 
321.00 	386565.97 	3124937.15 	96.79 	11.36 	1.00 	1.00 
322.00 	386566.29 	3124937.10 	96.75 	11.43 	1.00 	1.00 
323.00 	386566.65 	3124937.04 	96.74 	11.62 	1.00 	1.00 
324.00 	386566.94 	3124937.01 	96.76 	11.64 	1.00 	1.00 
325.00 	386567.26 	3124936.97 	96.75 	11.68 	1.00 	1.00 
326.00 	386567.60 	3124936.93 	96.73 	11.72 	1.00 	1.00 
327.00 	386567.92 	3124936.88 	96.70 	11.76 	1.00 	1.00 
328.00 	386568.25 	3124936.85 	96.70 	11.79 	1.00 	1.00 
329.00 	386568.58 	3124936.80 	96.70 	11.82 	1.00 	1.00 
330.00 	386568.92 	3124936.76 	96.70 	11.85 	1.00 	1.00 
331.00 	386569.25 	3124936.72 	96.67 	11.87 	1.00 	1.00 
332.00 	386569.59 	3124936.68 	96.62 	11.91 	1.00 	1.00 
333.00 	386569.96 	3124936.64 	96.62 	11.99 	1.00 	1.00 
334.00 	386570.26 	3124936.60 	96.62 	12.03 	1.00 	1.00 
335.00 	386570.60 	3124936.56 	96.60 	12.06 	1.00 	1.00 
336.00 	386570.94 	3124936.51 	96.60 	12.10 	1.00 	1.00 
337.00 	386571.28 	3124936.46 	96.58 	12.12 	1.00 	1.00 
338.00 	386571.62 	3124936.42 	96.58 	12.14 	1.00 	1.00 
339.00 	386571.95 	3124936.38 	96.57 	12.14 	1.00 	1.00 
340.00 	386572.30 	3124936.33 	96.55 	12.12 	1.00 	1.00 
341.00 	386572.64 	3124936.29 	96.53 	12.08 	1.00 	1.00 
342.00 	386572.98 	3124936.24 	96.47 	12.09 	1.00 	1.00 
343.00 	386573.36 	3124936.19 	96.48 	12.24 	1.00 	1.00 
344.00 	386573.67 	3124936.16 	96.46 	12.17 	1.00 	1.00 
345.00 	386574.01 	3124936.12 	96.45 	12.10 	1.00 	1.00 
346.00 	386574.33 	3124936.08 	96.43 	12.01 	1.00 	1.00 
347.00 	386574.67 	3124936.04 	96.41 	11.91 	1.00 	1.00 
348.00 	386575.00 	3124936.00 	96.39 	11.80 	1.00 	1.00 
349.00 	386575.32 	3124935.96 	96.38 	11.65 	1.00 	1.00 
350.00 	386575.65 	3124935.92 	96.38 	11.52 	1.00 	1.00 
351.00 	386575.97 	3124935.88 	96.35 	11.37 	1.00 	1.00 
352.00 	386576.29 	3124935.84 	96.27 	11.26 	1.00 	1.00 
353.00 	386576.63 	3124935.80 	96.25 	11.25 	1.00 	1.00 
354.00 	386576.92 	3124935.77 	96.23 	11.14 	1.00 	1.00 
355.00 	386577.22 	3124935.73 	96.20 	11.02 	1.00 	1.00 
356.00 	386577.54 	3124935.68 	96.20 	10.88 	1.00 	1.00 
357.00 	386577.85 	3124935.65 	96.22 	10.75 	1.00 	1.00 
358.00 	386578.15 	3124935.61 	96.18 	10.61 	1.00 	1.00 
359.00 	386578.44 	3124935.58 	96.18 	10.50 	1.00 	1.00 
360.00 	386578.74 	3124935.55 	96.20 	10.37 	1.00 	1.00 
361.00 	386579.02 	3124935.53 	96.23 	10.23 	1.00 	1.00 
362.00 	386579.32 	3124935.49 	96.22 	10.13 	1.00 	1.00 
363.00 	386579.63 	3124935.47 	96.26 	10.17 	1.00 	1.00 
364.00 	386579.88 	3124935.43 	96.26 	10.03 	1.00 	1.00 
365.00 	386580.16 	3124935.40 	96.30 	9.92 	1.00 	1.00 
366.00 	386580.43 	3124935.37 	96.35 	9.84 	1.00 	1.00 
367.00 	386580.70 	3124935.34 	96.35 	9.85 	1.00 	1.00 
368.00 	386580.97 	3124935.30 	96.37 	9.95 	1.00 	1.00 
369.00 	386581.25 	3124935.27 	96.43 	10.01 	1.00 	1.00 
370.00 	386581.53 	3124935.22 	96.48 	10.05 	1.00 	1.00 
371.00 	386581.81 	3124935.19 	96.48 	10.09 	1.00 	1.00 
372.00 	386582.09 	3124935.15 	96.50 	10.15 	1.00 	1.00 
373.00 	386582.39 	3124935.08 	96.55 	10.32 	1.00 	1.00 
374.00 	386582.65 	3124935.06 	96.60 	10.38 	1.00 	1.00 
375.00 	386582.94 	3124935.03 	96.64 	10.45 	1.00 	1.00 
376.00 	386583.24 	3124935.00 	96.69 	10.52 	1.00 	1.00 
377.00 	386583.53 	3124934.96 	96.74 	10.60 	1.00 	1.00 
378.00 	386583.82 	3124934.91 	96.77 	10.65 	1.00 	1.00 
379.00 	386584.11 	3124934.88 	96.79 	10.70 	1.00 	1.00 
380.00 	386584.42 	3124934.84 	96.82 	10.74 	1.00 	1.00 
381.00 	386584.72 	3124934.81 	96.83 	10.79 	1.00 	1.00 
382.00 	386585.02 	3124934.76 	96.83 	10.87 	1.00 	1.00 
383.00 	386585.33 	3124934.68 	96.86 	11.05 	1.00 	1.00 
384.00 	386585.63 	3124934.68 	96.90 	11.12 	1.00 	1.00 
385.00 	386585.94 	3124934.64 	96.92 	11.18 	1.00 	1.00 
386.00 	386586.23 	3124934.59 	96.96 	11.25 	1.00 	1.00 
387.00 	386586.55 	3124934.55 	96.99 	11.32 	1.00 	1.00 
388.00 	386586.87 	3124934.51 	97.01 	11.38 	1.00 	1.00 
389.00 	386587.18 	3124934.46 	97.05 	11.42 	1.00 	1.00 
390.00 	386587.50 	3124934.42 	97.11 	11.44 	1.00 	1.00 
391.00 	386587.81 	3124934.38 	97.12 	11.45 	1.00 	1.00 
392.00 	386588.13 	3124934.33 	97.10 	11.46 	1.00 	1.00 
393.00 	386588.45 	3124934.29 	97.14 	11.51 	1.00 	1.00 
394.00 	386588.76 	3124934.26 	97.17 	11.52 	1.00 	1.00 
395.00 	386589.08 	3124934.21 	97.19 	11.53 	1.00 	1.00 
396.00 	386589.39 	3124934.16 	97.23 	11.52 	1.00 	1.00 
397.00 	386589.70 	3124934.11 	97.26 	11.51 	1.00 	1.00 
398.00 	386590.02 	3124934.07 	97.31 	11.48 	1.00 	1.00 
399.00 	386590.33 	3124934.03 	97.36 	11.44 	1.00 	1.00 
400.00 	386590.64 	3124933.98 	97.39 	11.37 	1.00 	1.00 
401.00 	386590.95 	3124933.95 	97.42 	11.29 	1.00 	1.00 
402.00 	386591.25 	3124933.90 	97.40 	11.17 	1.00 	1.00 
403.00 	386591.53 	3124933.85 	97.46 	10.92 	1.00 	1.00 
404.00 	386591.85 	3124933.82 	97.49 	10.78 	1.00 	1.00 
405.00 	386592.14 	3124933.77 	97.49 	10.60 	1.00 	1.00 
406.00 	386592.43 	3124933.72 	97.55 	10.46 	1.00 	1.00 
407.00 	386592.72 	3124933.69 	97.57 	10.33 	1.00 	1.00 
408.00 	386593.01 	3124933.64 	97.59 	10.19 	1.00 	1.00 
409.00 	386593.28 	3124933.60 	97.61 	10.05 	1.00 	1.00 
410.00 	386593.56 	3124933.57 	97.62 	9.93 	1.00 	1.00 
411.00 	386593.83 	3124933.53 	97.65 	9.80 	1.00 	1.00 
412.00 	386594.10 	3124933.49 	97.62 	9.67 	1.00 	1.00 
413.00 	386594.38 	3124933.44 	97.64 	9.66 	1.00 	1.00 
414.00 	386594.64 	3124933.41 	97.65 	9.54 	1.00 	1.00 
415.00 	386594.90 	3124933.38 	97.62 	9.40 	1.00 	1.00 
416.00 	386595.14 	3124933.33 	97.64 	9.27 	1.00 	1.00 
417.00 	386595.40 	3124933.31 	97.64 	9.17 	1.00 	1.00 
418.00 	386595.64 	3124933.26 	97.65 	9.06 	1.00 	1.00 
419.00 	386595.89 	3124933.22 	97.66 	8.96 	1.00 	1.00 
420.00 	386596.13 	3124933.18 	97.71 	8.89 	1.00 	1.00 
421.00 	386596.38 	3124933.16 	97.75 	8.80 	1.00 	1.00 
422.00 	386596.61 	3124933.12 	97.82 	8.70 	1.00 	1.00 
423.00 	386596.83 	3124933.04 	97.86 	8.63 	1.00 	1.00 
424.00 	386597.08 	3124933.04 	97.91 	8.56 	1.00 	1.00 
425.00 	386597.31 	3124933.00 	97.95 	8.47 	1.00 	1.00 
426.00 	386597.53 	3124932.97 	98.11 	8.37 	1.00 	1.00 
427.00 	386597.75 	3124932.93 	98.29 	8.27 	1.00 	1.00 
428.00 	386597.97 	3124932.89 	98.46 	8.21 	1.00 	1.00 
429.00 	386598.19 	3124932.86 	98.73 	8.14 	1.00 	1.00 
430.00 	386598.41 	3124932.81 	99.03 	8.08 	1.00 	1.00 
431.00 	386598.63 	3124932.78 	99.35 	8.01 	1.00 	1.00 
432.00 	386598.84 	3124932.73 	99.66 	7.91 	1.00 	1.00 
433.00 	386599.00 	3124932.66 	100.08 	7.69 	1.00 	1.00 
434.00 	386599.24 	3124932.64 	100.56 	7.67 	1.00 	1.00 
435.00 	386599.46 	3124932.59 	101.07 	7.63 	1.00 	1.00 
436.00 	386599.66 	3124932.54 	101.65 	7.58 	1.00 	1.00 
437.00 	386599.86 	3124932.50 	102.19 	7.52 	1.00 	1.00 
438.00 	386600.06 	3124932.44 	102.73 	7.46 	1.00 	1.00 
439.00 	386600.27 	3124932.39 	103.26 	7.40 	1.00 	1.00 
440.00 	386600.47 	3124932.34 	103.82 	7.34 	1.00 	1.00 
441.00 	386600.67 	3124932.29 	104.42 	7.28 	1.00 	1.00 
442.00 	386600.86 	3124932.23 	104.93 	7.27 	1.00 	1.00 
443.00 	386601.06 	3124932.14 	105.52 	7.38 	1.00 	1.00 
444.00 	386601.24 	3124932.11 	106.11 	7.33 	1.00 	1.00 
445.00 	386601.44 	3124932.05 	106.69 	7.28 	1.00 	1.00 
446.00 	386601.62 	3124931.99 	107.28 	7.24 	1.00 	1.00 
447.00 	386601.81 	3124931.92 	107.85 	7.21 	1.00 	1.00 
448.00 	386602.01 	3124931.86 	108.40 	7.17 	1.00 	1.00 
449.00 	386602.20 	3124931.79 	108.95 	7.13 	1.00 	1.00 
450.00 	386602.37 	3124931.73 	109.52 	7.08 	1.00 	1.00 
451.00 	386602.55 	3124931.66 	110.07 	7.04 	1.00 	1.00 
452.00 	386602.73 	3124931.58 	110.50 	6.96 	1.00 	1.00 
453.00 	386602.87 	3124931.49 	111.07 	6.79 	1.00 	1.00 
454.00 	386603.06 	3124931.42 	111.64 	6.74 	1.00 	1.00 
455.00 	386603.22 	3124931.35 	112.16 	6.71 	1.00 	1.00 
456.00 	386603.39 	3124931.27 	112.70 	6.68 	1.00 	1.00 
457.00 	386603.56 	3124931.19 	113.24 	6.64 	1.00 	1.00 
458.00 	386603.73 	3124931.12 	113.79 	6.59 	1.00 	1.00 
459.00 	386603.90 	3124931.04 	114.34 	6.53 	1.00 	1.00 
460.00 	386604.06 	3124930.95 	114.93 	6.50 	1.00 	1.00 
461.00 	386604.22 	3124930.88 	115.50 	6.53 	1.00 	1.00 
462.00 	386604.38 	3124930.79 	115.99 	6.59 	1.00 	1.00 
463.00 	386604.53 	3124930.70 	116.60 	6.59 	1.00 	1.00 
464.00 	386604.70 	3124930.61 	117.22 	6.72 	1.00 	1.00 
465.00 	386604.87 	3124930.52 	117.88 	6.88 	1.00 	1.00 
466.00 	386605.04 	3124930.42 	118.54 	7.05 	1.00 	1.00 
467.00 	386605.21 	3124930.33 	119.23 	7.22 	1.00 	1.00 
468.00 	386605.39 	3124930.21 	119.95 	7.40 	1.00 	1.00 
469.00 	386605.56 	3124930.10 	120.68 	7.56 	1.00 	1.00 
470.00 	386605.76 	3124929.98 	121.42 	7.71 	1.00 	1.00 
471.00 	386605.94 	3124929.86 	122.23 	7.85 	1.00 	1.00 
472.00 	386606.12 	3124929.73 	122.98 	8.00 	1.00 	1.00 
473.00 	386606.32 	3124929.57 	123.85 	8.22 	1.00 	1.00 
474.00 	386606.50 	3124929.45 	124.73 	8.32 	1.00 	1.00 
475.00 	386606.68 	3124929.31 	125.70 	8.40 	1.00 	1.00 
476.00 	386606.87 	3124929.16 	126.69 	8.47 	1.00 	1.00 
477.00 	386607.06 	3124929.02 	127.64 	8.54 	1.00 	1.00 
478.00 	386607.25 	3124928.86 	128.64 	8.61 	1.00 	1.00 
479.00 	386607.44 	3124928.70 	129.69 	8.68 	1.00 	1.00 
480.00 	386607.63 	3124928.52 	130.73 	8.77 	1.00 	1.00 
481.00 	386607.81 	3124928.36 	131.86 	8.83 	1.00 	1.00 
482.00 	386608.00 	3124928.19 	132.91 	8.90 	1.00 	1.00 
483.00 	386608.17 	3124927.94 	133.99 	9.04 	1.00 	1.00 
484.00 	386608.34 	3124927.79 	135.11 	9.11 	1.00 	1.00 
485.00 	386608.51 	3124927.61 	136.23 	9.17 	1.00 	1.00 
486.00 	386608.68 	3124927.41 	137.39 	9.25 	1.00 	1.00 
487.00 	386608.85 	3124927.21 	138.54 	9.33 	1.00 	1.00 
488.00 	386609.01 	3124926.99 	139.72 	9.43 	1.00 	1.00 
489.00 	386609.18 	3124926.79 	140.86 	9.52 	1.00 	1.00 
490.00 	386609.34 	3124926.57 	142.08 	9.61 	1.00 	1.00 
491.00 	386609.51 	3124926.35 	143.28 	9.70 	1.00 	1.00 
492.00 	386609.65 	3124926.12 	144.55 	9.79 	1.00 	1.00 
493.00 	386609.78 	3124925.83 	145.80 	9.89 	1.00 	1.00 
494.00 	386609.96 	3124925.66 	147.02 	9.99 	1.00 	1.00 
495.00 	386610.10 	3124925.42 	148.21 	10.08 	1.00 	1.00 
496.00 	386610.24 	3124925.15 	149.46 	10.17 	1.00 	1.00 
497.00 	386610.37 	3124924.90 	150.68 	10.25 	1.00 	1.00 
498.00 	386610.50 	3124924.64 	151.92 	10.29 	1.00 	1.00 
499.00 	386610.63 	3124924.38 	153.18 	10.31 	1.00 	1.00 
500.00 	386610.75 	3124924.12 	154.44 	10.32 	1.00 	1.00 
501.00 	386610.87 	3124923.86 	155.68 	10.32 	1.00 	1.00 
502.00 	386610.97 	3124923.59 	156.86 	10.30 	1.00 	1.00 
503.00 	386611.04 	3124923.28 	158.11 	10.31 	1.00 	1.00 
504.00 	386611.15 	3124923.05 	159.36 	10.28 	1.00 	1.00 
505.00 	386611.24 	3124922.78 	160.61 	10.24 	1.00 	1.00 
506.00 	386611.32 	3124922.50 	161.81 	10.17 	1.00 	1.00 
507.00 	386611.40 	3124922.23 	162.99 	10.04 	1.00 	1.00 
508.00 	386611.46 	3124921.96 	164.18 	9.93 	1.00 	1.00 
509.00 	386611.53 	3124921.69 	165.34 	9.81 	1.00 	1.00 
510.00 	386611.58 	3124921.41 	166.50 	9.72 	1.00 	1.00 
511.00 	386611.63 	3124921.16 	167.63 	9.62 	1.00 	1.00 
512.00 	386611.67 	3124920.89 	168.68 	9.54 	1.00 	1.00 
513.00 	386611.67 	3124920.61 	169.82 	9.46 	1.00 	1.00 
514.00 	386611.74 	3124920.37 	170.92 	9.39 	1.00 	1.00 
515.00 	386611.78 	3124920.12 	172.02 	9.32 	1.00 	1.00 
516.00 	386611.80 	3124919.86 	173.13 	9.28 	1.00 	1.00 
517.00 	386611.83 	3124919.59 	174.20 	9.27 	1.00 	1.00 
518.00 	386611.83 	3124919.34 	175.26 	9.34 	1.00 	1.00 
519.00 	386611.84 	3124919.08 	176.32 	9.42 	1.00 	1.00 
520.00 	386611.84 	3124918.82 	177.37 	9.50 	1.00 	1.00 
521.00 	386611.85 	3124918.55 	178.37 	9.55 	1.00 	1.00 
522.00 	386611.84 	3124918.28 	179.21 	9.62 	1.00 	1.00 
523.00 	386611.78 	3124918.01 	180.10 	9.67 	1.00 	1.00 
524.00 	386611.82 	3124917.74 	180.91 	9.75 	1.00 	1.00 
525.00 	386611.80 	3124917.47 	181.70 	9.83 	1.00 	1.00 
526.00 	386611.78 	3124917.20 	182.38 	9.92 	1.00 	1.00 
527.00 	386611.77 	3124916.92 	183.02 	10.00 	1.00 	1.00 
528.00 	386611.73 	3124916.63 	183.60 	10.08 	1.00 	1.00 
529.00 	386611.71 	3124916.35 	184.08 	10.14 	1.00 	1.00 
530.00 	386611.69 	3124916.08 	184.57 	10.19 	1.00 	1.00 
531.00 	386611.66 	3124915.80 	184.97 	10.25 	1.00 	1.00 
532.00 	386611.62 	3124915.51 	185.26 	10.35 	1.00 	1.00 
533.00 	386611.56 	3124915.21 	185.63 	10.54 	1.00 	1.00 
534.00 	386611.54 	3124914.92 	185.96 	10.59 	1.00 	1.00 
535.00 	386611.51 	3124914.62 	186.24 	10.64 	1.00 	1.00 
536.00 	386611.46 	3124914.33 	186.52 	10.69 	1.00 	1.00 
537.00 	386611.42 	3124914.04 	186.74 	10.71 	1.00 	1.00 
538.00 	386611.38 	3124913.75 	186.92 	10.72 	1.00 	1.00 
539.00 	386611.34 	3124913.45 	187.05 	10.75 	1.00 	1.00 
540.00 	386611.29 	3124913.15 	187.13 	10.78 	1.00 	1.00 
541.00 	386611.24 	3124912.85 	187.16 	10.82 	1.00 	1.00 
542.00 	386611.20 	3124912.55 	187.16 	10.88 	1.00 	1.00 
543.00 	386611.13 	3124912.24 	187.17 	10.98 	1.00 	1.00 
544.00 	386611.11 	3124911.93 	187.15 	11.00 	1.00 	1.00 
545.00 	386611.06 	3124911.63 	187.15 	11.01 	1.00 	1.00 
546.00 	386611.02 	3124911.32 	187.14 	11.02 	1.00 	1.00 
547.00 	386610.98 	3124911.02 	187.08 	11.03 	1.00 	1.00 
548.00 	386610.93 	3124910.71 	187.03 	11.03 	1.00 	1.00 
549.00 	386610.89 	3124910.41 	186.99 	11.05 	1.00 	1.00 
550.00 	386610.84 	3124910.10 	186.97 	11.07 	1.00 	1.00 
551.00 	386610.80 	3124909.80 	186.97 	11.11 	1.00 	1.00 
552.00 	386610.76 	3124909.49 	187.00 	11.16 	1.00 	1.00 
553.00 	386610.70 	3124909.16 	186.97 	11.26 	1.00 	1.00 
554.00 	386610.66 	3124908.86 	186.96 	11.27 	1.00 	1.00 
555.00 	386610.61 	3124908.55 	186.97 	11.29 	1.00 	1.00 
556.00 	386610.57 	3124908.23 	186.92 	11.31 	1.00 	1.00 
557.00 	386610.53 	3124907.92 	186.90 	11.32 	1.00 	1.00 
558.00 	386610.48 	3124907.60 	186.90 	11.34 	1.00 	1.00 
559.00 	386610.43 	3124907.29 	186.88 	11.36 	1.00 	1.00 
560.00 	386610.38 	3124906.97 	186.85 	11.37 	1.00 	1.00 
561.00 	386610.34 	3124906.66 	186.84 	11.36 	1.00 	1.00 
562.00 	386610.30 	3124906.33 	186.85 	11.35 	1.00 	1.00 
563.00 	386610.24 	3124906.00 	186.87 	11.35 	1.00 	1.00 
564.00 	386610.20 	3124905.70 	186.86 	11.31 	1.00 	1.00 
565.00 	386610.16 	3124905.39 	186.84 	11.23 	1.00 	1.00 
566.00 	386610.12 	3124905.08 	186.81 	11.17 	1.00 	1.00 
567.00 	386610.07 	3124904.77 	186.79 	11.09 	1.00 	1.00 
568.00 	386610.03 	3124904.45 	186.75 	11.03 	1.00 	1.00 
569.00 	386609.99 	3124904.15 	186.77 	10.94 	1.00 	1.00 
570.00 	386609.93 	3124903.84 	186.77 	10.86 	1.00 	1.00 
571.00 	386609.90 	3124903.54 	186.72 	10.79 	1.00 	1.00 
572.00 	386609.85 	3124903.23 	186.69 	10.75 	1.00 	1.00 
573.00 	386609.77 	3124902.90 	186.68 	10.84 	1.00 	1.00 
574.00 	386609.77 	3124902.63 	186.66 	10.76 	1.00 	1.00 
575.00 	386609.73 	3124902.34 	186.67 	10.68 	1.00 	1.00 
576.00 	386609.69 	3124902.04 	186.63 	10.60 	1.00 	1.00 
577.00 	386609.66 	3124901.75 	186.63 	10.53 	1.00 	1.00 
578.00 	386609.61 	3124901.45 	186.58 	10.47 	1.00 	1.00 
579.00 	386609.57 	3124901.16 	186.55 	10.46 	1.00 	1.00 
580.00 	386609.53 	3124900.88 	186.51 	10.51 	1.00 	1.00 
581.00 	386609.49 	3124900.59 	186.47 	10.60 	1.00 	1.00 
582.00 	386609.45 	3124900.28 	186.42 	10.67 	1.00 	1.00 
583.00 	386609.40 	3124899.97 	186.39 	10.77 	1.00 	1.00 
584.00 	386609.36 	3124899.68 	186.36 	10.82 	1.00 	1.00 
585.00 	386609.33 	3124899.38 	186.37 	10.86 	1.00 	1.00 
586.00 	386609.30 	3124899.08 	186.31 	10.89 	1.00 	1.00 
587.00 	386609.25 	3124898.77 	186.32 	10.93 	1.00 	1.00 
588.00 	386609.21 	3124898.47 	186.28 	10.98 	1.00 	1.00 
589.00 	386609.17 	3124898.16 	186.26 	11.05 	1.00 	1.00 
590.00 	386609.13 	3124897.85 	186.21 	11.09 	1.00 	1.00 
591.00 	386609.09 	3124897.54 	186.22 	11.11 	1.00 	1.00 
592.00 	386609.04 	3124897.23 	186.25 	11.12 	1.00 	1.00 
593.00 	386608.98 	3124896.90 	186.22 	11.18 	1.00 	1.00 
594.00 	386608.96 	3124896.61 	186.17 	11.15 	1.00 	1.00 
595.00 	386608.92 	3124896.30 	186.15 	11.09 	1.00 	1.00 
596.00 	386608.88 	3124895.99 	186.12 	10.99 	1.00 	1.00 
597.00 	386608.84 	3124895.69 	186.03 	10.89 	1.00 	1.00 
598.00 	386608.80 	3124895.39 	185.95 	10.82 	1.00 	1.00 
599.00 	386608.77 	3124895.09 	185.81 	10.76 	1.00 	1.00 
600.00 	386608.72 	3124894.79 	185.67 	10.70 	1.00 	1.00 
601.00 	386608.68 	3124894.49 	185.47 	10.65 	1.00 	1.00 
602.00 	386608.64 	3124894.19 	185.28 	10.60 	1.00 	1.00 
603.00 	386608.59 	3124893.87 	185.05 	10.60 	1.00 	1.00 
604.00 	386608.58 	3124893.60 	184.73 	10.49 	1.00 	1.00 
605.00 	386608.55 	3124893.32 	184.45 	10.42 	1.00 	1.00 
606.00 	386608.53 	3124893.03 	184.16 	10.34 	1.00 	1.00 
607.00 	386608.50 	3124892.75 	183.84 	10.27 	1.00 	1.00 
608.00 	386608.48 	3124892.47 	183.54 	10.20 	1.00 	1.00 
609.00 	386608.46 	3124892.19 	183.20 	10.11 	1.00 	1.00 
610.00 	386608.44 	3124891.91 	182.88 	10.03 	1.00 	1.00 
611.00 	386608.42 	3124891.64 	182.56 	9.94 	1.00 	1.00 
612.00 	386608.41 	3124891.37 	182.25 	9.85 	1.00 	1.00 
613.00 	386608.40 	3124891.10 	181.95 	9.76 	1.00 	1.00 
614.00 	386608.38 	3124890.83 	181.64 	9.67 	1.00 	1.00 
615.00 	386608.37 	3124890.56 	181.33 	9.59 	1.00 	1.00 
616.00 	386608.36 	3124890.30 	181.02 	9.51 	1.00 	1.00 
617.00 	386608.35 	3124890.03 	180.68 	9.47 	1.00 	1.00 
618.00 	386608.35 	3124889.76 	180.34 	9.46 	1.00 	1.00 
619.00 	386608.34 	3124889.50 	180.06 	9.51 	1.00 	1.00 
620.00 	386608.35 	3124889.24 	179.67 	9.57 	1.00 	1.00 
621.00 	386608.34 	3124888.97 	179.31 	9.64 	1.00 	1.00 
622.00 	386608.35 	3124888.70 	179.01 	9.70 	1.00 	1.00 
623.00 	386608.36 	3124888.43 	178.65 	9.78 	1.00 	1.00 
624.00 	386608.35 	3124888.15 	178.30 	9.85 	1.00 	1.00 
625.00 	386608.35 	3124887.88 	177.95 	9.90 	1.00 	1.00 
626.00 	386608.34 	3124887.60 	177.58 	9.96 	1.00 	1.00 
627.00 	386608.35 	3124887.32 	177.26 	10.02 	1.00 	1.00 
628.00 	386608.36 	3124887.04 	176.94 	10.07 	1.00 	1.00 
629.00 	386608.37 	3124886.76 	176.56 	10.14 	1.00 	1.00 
630.00 	386608.37 	3124886.48 	176.27 	10.20 	1.00 	1.00 
631.00 	386608.39 	3124886.19 	175.95 	10.26 	1.00 	1.00 
632.00 	386608.41 	3124885.90 	175.66 	10.32 	1.00 	1.00 
633.00 	386608.39 	3124885.60 	175.35 	10.42 	1.00 	1.00 
634.00 	386608.44 	3124885.32 	175.07 	10.43 	1.00 	1.00 
635.00 	386608.46 	3124885.04 	174.78 	10.41 	1.00 	1.00 
636.00 	386608.48 	3124884.75 	174.51 	10.37 	1.00 	1.00 
637.00 	386608.50 	3124884.46 	174.26 	10.30 	1.00 	1.00 
638.00 	386608.52 	3124884.18 	173.99 	10.20 	1.00 	1.00 
639.00 	386608.55 	3124883.91 	173.79 	10.10 	1.00 	1.00 
640.00 	386608.57 	3124883.63 	173.61 	9.99 	1.00 	1.00 
641.00 	386608.60 	3124883.35 	173.45 	9.91 	1.00 	1.00 
642.00 	386608.62 	3124883.09 	173.34 	9.82 	1.00 	1.00 
643.00 	386608.63 	3124882.83 	173.22 	9.68 	1.00 	1.00 
644.00 	386608.66 	3124882.56 	173.15 	9.61 	1.00 	1.00 
645.00 	386608.69 	3124882.29 	173.10 	9.55 	1.00 	1.00 
646.00 	386608.72 	3124882.03 	173.05 	9.47 	1.00 	1.00 
647.00 	386608.74 	3124881.77 	173.06 	9.38 	1.00 	1.00 
648.00 	386608.77 	3124881.51 	173.10 	9.29 	1.00 	1.00 
649.00 	386608.79 	3124881.26 	173.10 	9.20 	1.00 	1.00 
650.00 	386608.81 	3124881.00 	173.11 	9.12 	1.00 	1.00 
651.00 	386608.84 	3124880.75 	173.13 	9.05 	1.00 	1.00 
652.00 	386608.86 	3124880.51 	173.21 	8.98 	1.00 	1.00 
653.00 	386608.87 	3124880.26 	173.22 	8.89 	1.00 	1.00 
654.00 	386608.91 	3124880.02 	173.26 	8.83 	1.00 	1.00 
655.00 	386608.93 	3124879.78 	173.33 	8.76 	1.00 	1.00 
656.00 	386608.95 	3124879.53 	173.39 	8.69 	1.00 	1.00 
657.00 	386608.97 	3124879.29 	173.44 	8.64 	1.00 	1.00 
658.00 	386608.99 	3124879.06 	173.52 	8.62 	1.00 	1.00 
659.00 	386609.01 	3124878.82 	173.59 	8.64 	1.00 	1.00 
660.00 	386609.02 	3124878.58 	173.65 	8.70 	1.00 	1.00 
661.00 	386609.04 	3124878.34 	173.72 	8.76 	1.00 	1.00 
662.00 	386609.07 	3124878.10 	173.84 	8.79 	1.00 	1.00 
663.00 	386609.09 	3124877.86 	173.91 	8.80 	1.00 	1.00 
664.00 	386609.10 	3124877.61 	173.96 	8.83 	1.00 	1.00 
665.00 	386609.12 	3124877.37 	174.07 	8.86 	1.00 	1.00 
666.00 	386609.15 	3124877.12 	174.17 	8.90 	1.00 	1.00 
667.00 	386609.16 	3124876.87 	174.25 	8.94 	1.00 	1.00 
668.00 	386609.18 	3124876.62 	174.37 	8.99 	1.00 	1.00 
669.00 	386609.20 	3124876.38 	174.51 	9.04 	1.00 	1.00 
670.00 	386609.22 	3124876.12 	174.63 	9.10 	1.00 	1.00 
671.00 	386609.23 	3124875.87 	174.76 	9.14 	1.00 	1.00 
672.00 	386609.25 	3124875.61 	174.95 	9.17 	1.00 	1.00 
673.00 	386609.27 	3124875.36 	175.13 	9.21 	1.00 	1.00 
674.00 	386609.28 	3124875.10 	175.27 	9.24 	1.00 	1.00 
675.00 	386609.29 	3124874.84 	175.42 	9.28 	1.00 	1.00 
676.00 	386609.31 	3124874.58 	175.60 	9.32 	1.00 	1.00 
677.00 	386609.32 	3124874.32 	175.84 	9.35 	1.00 	1.00 
678.00 	386609.33 	3124874.06 	176.06 	9.36 	1.00 	1.00 
679.00 	386609.34 	3124873.79 	176.34 	9.37 	1.00 	1.00 
680.00 	386609.35 	3124873.54 	176.61 	9.39 	1.00 	1.00 
681.00 	386609.36 	3124873.27 	176.92 	9.40 	1.00 	1.00 
682.00 	386609.37 	3124873.01 	177.31 	9.40 	1.00 	1.00 
683.00 	386609.38 	3124872.74 	177.63 	9.43 	1.00 	1.00 
684.00 	386609.37 	3124872.49 	177.96 	9.41 	1.00 	1.00 
685.00 	386609.37 	3124872.23 	178.27 	9.37 	1.00 	1.00 
686.00 	386609.38 	3124871.96 	178.59 	9.32 	1.00 	1.00 
687.00 	386609.38 	3124871.71 	178.92 	9.21 	1.00 	1.00 
688.00 	386609.37 	3124871.46 	179.25 	9.15 	1.00 	1.00 
689.00 	386609.37 	3124871.20 	179.57 	9.07 	1.00 	1.00 
690.00 	386609.36 	3124870.96 	179.87 	9.00 	1.00 	1.00 
691.00 	386609.35 	3124870.70 	180.20 	8.93 	1.00 	1.00 
692.00 	386609.34 	3124870.46 	180.58 	8.87 	1.00 	1.00 
693.00 	386609.31 	3124870.23 	180.87 	8.76 	1.00 	1.00 
694.00 	386609.31 	3124869.98 	181.19 	8.73 	1.00 	1.00 
695.00 	386609.30 	3124869.74 	181.52 	8.70 	1.00 	1.00 
696.00 	386609.28 	3124869.50 	181.85 	8.65 	1.00 	1.00 
697.00 	386609.27 	3124869.26 	182.16 	8.60 	1.00 	1.00 
698.00 	386609.25 	3124869.03 	182.46 	8.54 	1.00 	1.00 
699.00 	386609.24 	3124868.79 	182.75 	8.49 	1.00 	1.00 
700.00 	386609.21 	3124868.56 	183.01 	8.43 	1.00 	1.00 
701.00 	386609.19 	3124868.32 	183.28 	8.37 	1.00 	1.00 
702.00 	386609.17 	3124868.09 	183.55 	8.31 	1.00 	1.00 
703.00 	386609.14 	3124867.87 	183.80 	8.28 	1.00 	1.00 
704.00 	386609.12 	3124867.65 	184.02 	8.26 	1.00 	1.00 
705.00 	386609.10 	3124867.42 	184.23 	8.22 	1.00 	1.00 
706.00 	386609.08 	3124867.19 	184.42 	8.17 	1.00 	1.00 
707.00 	386609.05 	3124866.97 	184.56 	8.13 	1.00 	1.00 
708.00 	386609.03 	3124866.75 	184.64 	8.11 	1.00 	1.00 
709.00 	386609.00 	3124866.53 	184.70 	8.13 	1.00 	1.00 
710.00 	386608.99 	3124866.31 	184.76 	8.20 	1.00 	1.00 
711.00 	386608.95 	3124866.08 	184.81 	8.27 	1.00 	1.00 
712.00 	386608.93 	3124865.85 	184.91 	8.29 	1.00 	1.00 
713.00 	386608.94 	3124865.63 	184.95 	8.23 	1.00 	1.00 
714.00 	386608.90 	3124865.40 	185.01 	8.25 	1.00 	1.00 
715.00 	386608.88 	3124865.17 	185.11 	8.29 	1.00 	1.00 
716.00 	386608.85 	3124864.95 	185.14 	8.34 	1.00 	1.00 
717.00 	386608.82 	3124864.71 	185.18 	8.38 	1.00 	1.00 
718.00 	386608.79 	3124864.48 	185.20 	8.42 	1.00 	1.00 
719.00 	386608.77 	3124864.25 	185.25 	8.45 	1.00 	1.00 
720.00 	386608.75 	3124864.03 	185.29 	8.49 	1.00 	1.00 
721.00 	386608.72 	3124863.79 	185.32 	8.54 	1.00 	1.00 
722.00 	386608.70 	3124863.56 	185.35 	8.56 	1.00 	1.00 
723.00 	386608.67 	3124863.34 	185.37 	8.50 	1.00 	1.00 
724.00 	386608.65 	3124863.10 	185.39 	8.54 	1.00 	1.00 
725.00 	386608.62 	3124862.86 	185.39 	8.56 	1.00 	1.00 
726.00 	386608.60 	3124862.62 	185.41 	8.57 	1.00 	1.00 
727.00 	386608.56 	3124862.39 	185.40 	8.58 	1.00 	1.00 
728.00 	386608.54 	3124862.15 	185.40 	8.61 	1.00 	1.00 
729.00 	386608.51 	3124861.91 	185.37 	8.67 	1.00 	1.00 
730.00 	386608.48 	3124861.67 	185.42 	8.74 	1.00 	1.00 
731.00 	386608.46 	3124861.42 	185.42 	8.82 	1.00 	1.00 
732.00 	386608.43 	3124861.18 	185.49 	8.90 	1.00 	1.00 
733.00 	386608.41 	3124860.93 	185.51 	9.02 	1.00 	1.00 
734.00 	386608.37 	3124860.68 	185.52 	9.09 	1.00 	1.00 
735.00 	386608.34 	3124860.44 	185.50 	9.16 	1.00 	1.00 
736.00 	386608.32 	3124860.18 	185.53 	9.22 	1.00 	1.00 
737.00 	386608.29 	3124859.93 	185.52 	9.29 	1.00 	1.00 
738.00 	386608.26 	3124859.67 	185.52 	9.36 	1.00 	1.00 
739.00 	386608.23 	3124859.42 	185.53 	9.43 	1.00 	1.00 
740.00 	386608.20 	3124859.16 	185.56 	9.51 	1.00 	1.00 
741.00 	386608.17 	3124858.89 	185.59 	9.59 	1.00 	1.00 
742.00 	386608.15 	3124858.63 	185.66 	9.65 	1.00 	1.00 
743.00 	386608.12 	3124858.38 	185.69 	9.67 	1.00 	1.00 
744.00 	386608.09 	3124858.11 	185.74 	9.74 	1.00 	1.00 
745.00 	386608.06 	3124857.83 	185.88 	9.82 	1.00 	1.00 
746.00 	386608.03 	3124857.56 	186.01 	9.90 	1.00 	1.00 
747.00 	386607.99 	3124857.29 	186.14 	9.98 	1.00 	1.00 
748.00 	386607.95 	3124857.02 	186.31 	10.06 	1.00 	1.00 
749.00 	386607.92 	3124856.74 	186.48 	10.14 	1.00 	1.00 
750.00 	386607.89 	3124856.47 	186.73 	10.22 	1.00 	1.00 
751.00 	386607.85 	3124856.18 	186.98 	10.29 	1.00 	1.00 
752.00 	386607.81 	3124855.89 	187.19 	10.35 	1.00 	1.00 
753.00 	386607.76 	3124855.62 	187.49 	10.37 	1.00 	1.00 
754.00 	386607.73 	3124855.34 	187.79 	10.44 	1.00 	1.00 
755.00 	386607.68 	3124855.05 	188.09 	10.51 	1.00 	1.00 
756.00 	386607.63 	3124854.76 	188.41 	10.57 	1.00 	1.00 
757.00 	386607.58 	3124854.46 	188.74 	10.64 	1.00 	1.00 
758.00 	386607.53 	3124854.17 	189.03 	10.69 	1.00 	1.00 
759.00 	386607.48 	3124853.88 	189.38 	10.73 	1.00 	1.00 
760.00 	386607.43 	3124853.59 	189.71 	10.78 	1.00 	1.00 
761.00 	386607.37 	3124853.30 	190.08 	10.81 	1.00 	1.00 
762.00 	386607.31 	3124853.00 	190.45 	10.82 	1.00 	1.00 
763.00 	386607.22 	3124852.72 	190.84 	10.79 	1.00 	1.00 
764.00 	386607.18 	3124852.42 	191.21 	10.80 	1.00 	1.00 
765.00 	386607.11 	3124852.13 	191.55 	10.80 	1.00 	1.00 
766.00 	386607.04 	3124851.84 	191.91 	10.79 	1.00 	1.00 
767.00 	386606.97 	3124851.54 	192.30 	10.76 	1.00 	1.00 
768.00 	386606.91 	3124851.25 	192.63 	10.70 	1.00 	1.00 
769.00 	386606.84 	3124850.97 	192.96 	10.63 	1.00 	1.00 
770.00 	386606.77 	3124850.68 	193.29 	10.55 	1.00 	1.00 
771.00 	386606.69 	3124850.40 	193.59 	10.47 	1.00 	1.00 
772.00 	386606.61 	3124850.12 	193.85 	10.40 	1.00 	1.00 
773.00 	386606.54 	3124849.85 	194.16 	10.36 	1.00 	1.00 
774.00 	386606.47 	3124849.58 	194.48 	10.28 	1.00 	1.00 
775.00 	386606.39 	3124849.30 	194.79 	10.20 	1.00 	1.00 
776.00 	386606.32 	3124849.04 	195.03 	10.13 	1.00 	1.00 
777.00 	386606.25 	3124848.77 	195.29 	10.06 	1.00 	1.00 
778.00 	386606.17 	3124848.52 	195.53 	10.00 	1.00 	1.00 
779.00 	386606.09 	3124848.25 	195.76 	9.94 	1.00 	1.00 
780.00 	386606.01 	3124848.00 	195.96 	9.88 	1.00 	1.00 
781.00 	386605.93 	3124847.73 	196.18 	9.82 	1.00 	1.00 
782.00 	386605.86 	3124847.49 	196.32 	9.72 	1.00 	1.00 
783.00 	386605.80 	3124847.27 	196.51 	9.53 	1.00 	1.00 
784.00 	386605.70 	3124846.99 	196.65 	9.47 	1.00 	1.00 
785.00 	386605.62 	3124846.74 	196.80 	9.44 	1.00 	1.00 
786.00 	386605.55 	3124846.51 	196.98 	9.43 	1.00 	1.00 
787.00 	386605.47 	3124846.26 	197.16 	9.47 	1.00 	1.00 
788.00 	386605.39 	3124846.01 	197.33 	9.60 	1.00 	1.00 
789.00 	386605.31 	3124845.76 	197.49 	9.77 	1.00 	1.00 
790.00 	386605.23 	3124845.51 	197.63 	9.92 	1.00 	1.00 
791.00 	386605.14 	3124845.25 	197.75 	10.05 	1.00 	1.00 
792.00 	386605.06 	3124844.99 	197.92 	10.14 	1.00 	1.00 
793.00 	386604.99 	3124844.76 	198.04 	10.10 	1.00 	1.00 
794.00 	386604.88 	3124844.47 	198.09 	10.21 	1.00 	1.00 
795.00 	386604.79 	3124844.21 	198.19 	10.33 	1.00 	1.00 
796.00 	386604.70 	3124843.94 	198.24 	10.46 	1.00 	1.00 
797.00 	386604.60 	3124843.66 	198.27 	10.58 	1.00 	1.00 
798.00 	386604.51 	3124843.39 	198.27 	10.70 	1.00 	1.00 
799.00 	386604.41 	3124843.11 	198.24 	10.81 	1.00 	1.00 
800.00 	386604.32 	3124842.83 	198.18 	10.91 	1.00 	1.00 
801.00 	386604.22 	3124842.54 	198.08 	11.00 	1.00 	1.00 
802.00 	386604.12 	3124842.27 	198.00 	11.00 	1.00 	1.00 
803.00 	386604.04 	3124842.02 	197.79 	10.80 	1.00 	1.00 
804.00 	386603.94 	3124841.71 	197.50 	10.80 	1.00 	1.00 
805.00 	386603.85 	3124841.43 	197.18 	10.79 	1.00 	1.00 
806.00 	386603.76 	3124841.14 	196.85 	10.77 	1.00 	1.00 
807.00 	386603.67 	3124840.85 	196.48 	10.69 	1.00 	1.00 
808.00 	386603.59 	3124840.57 	196.13 	10.63 	1.00 	1.00 
809.00 	386603.51 	3124840.29 	195.70 	10.57 	1.00 	1.00 
810.00 	386603.43 	3124840.01 	195.31 	10.50 	1.00 	1.00 
811.00 	386603.35 	3124839.73 	194.90 	10.43 	1.00 	1.00 
812.00 	386603.28 	3124839.46 	194.44 	10.35 	1.00 	1.00 
813.00 	386603.23 	3124839.20 	194.02 	10.23 	1.00 	1.00 
814.00 	386603.15 	3124838.91 	193.65 	10.17 	1.00 	1.00 
815.00 	386603.09 	3124838.64 	193.23 	10.11 	1.00 	1.00 
816.00 	386603.02 	3124838.37 	192.82 	10.05 	1.00 	1.00 
817.00 	386602.96 	3124838.11 	192.42 	9.99 	1.00 	1.00 
818.00 	386602.90 	3124837.84 	192.03 	9.95 	1.00 	1.00 
819.00 	386602.84 	3124837.58 	191.66 	9.95 	1.00 	1.00 
820.00 	386602.79 	3124837.32 	191.26 	9.97 	1.00 	1.00 
821.00 	386602.74 	3124837.04 	190.86 	10.12 	1.00 	1.00 
822.00 	386602.69 	3124836.78 	190.40 	10.20 	1.00 	1.00 
823.00 	386602.63 	3124836.54 	189.97 	10.14 	1.00 	1.00 
824.00 	386602.59 	3124836.24 	189.58 	10.25 	1.00 	1.00 
825.00 	386602.54 	3124835.97 	189.18 	10.37 	1.00 	1.00 
826.00 	386602.49 	3124835.68 	188.77 	10.49 	1.00 	1.00 
827.00 	386602.44 	3124835.39 	188.32 	10.62 	1.00 	1.00 
828.00 	386602.40 	3124835.11 	187.92 	10.74 	1.00 	1.00 
829.00 	386602.36 	3124834.81 	187.49 	10.86 	1.00 	1.00 
830.00 	386602.32 	3124834.52 	187.10 	10.97 	1.00 	1.00 
831.00 	386602.28 	3124834.21 	186.76 	11.07 	1.00 	1.00 
832.00 	386602.24 	3124833.92 	186.39 	11.13 	1.00 	1.00 
833.00 	386602.21 	3124833.65 	186.11 	11.06 	1.00 	1.00 
834.00 	386602.17 	3124833.32 	185.88 	11.17 	1.00 	1.00 
835.00 	386602.14 	3124833.01 	185.70 	11.29 	1.00 	1.00 
836.00 	386602.11 	3124832.70 	185.54 	11.43 	1.00 	1.00 
837.00 	386602.07 	3124832.38 	185.41 	11.56 	1.00 	1.00 
838.00 	386602.04 	3124832.06 	185.31 	11.68 	1.00 	1.00 
839.00 	386602.01 	3124831.74 	185.22 	11.79 	1.00 	1.00 
840.00 	386601.97 	3124831.42 	185.18 	11.89 	1.00 	1.00 
841.00 	386601.93 	3124831.09 	185.17 	11.99 	1.00 	1.00 
842.00 	386601.90 	3124830.76 	185.10 	12.06 	1.00 	1.00 
843.00 	386601.86 	3124830.44 	185.07 	12.07 	1.00 	1.00 
844.00 	386601.83 	3124830.09 	185.03 	12.18 	1.00 	1.00 
845.00 	386601.79 	3124829.75 	184.98 	12.30 	1.00 	1.00 
846.00 	386601.75 	3124829.41 	184.95 	12.40 	1.00 	1.00 
847.00 	386601.72 	3124829.07 	184.87 	12.49 	1.00 	1.00 
848.00 	386601.69 	3124828.72 	184.79 	12.59 	1.00 	1.00 
849.00 	386601.65 	3124828.37 	184.76 	12.69 	1.00 	1.00 
850.00 	386601.62 	3124828.01 	184.69 	12.79 	1.00 	1.00 
851.00 	386601.59 	3124827.66 	184.63 	12.88 	1.00 	1.00 
852.00 	386601.55 	3124827.30 	184.59 	12.96 	1.00 	1.00 
853.00 	386601.52 	3124826.95 	184.54 	12.96 	1.00 	1.00 
854.00 	386601.49 	3124826.60 	184.45 	13.05 	1.00 	1.00 
855.00 	386601.46 	3124826.24 	184.38 	13.14 	1.00 	1.00 
856.00 	386601.42 	3124825.86 	184.30 	13.22 	1.00 	1.00 
857.00 	386601.39 	3124825.50 	184.24 	13.31 	1.00 	1.00 
858.00 	386601.36 	3124825.13 	184.18 	13.39 	1.00 	1.00 
859.00 	386601.32 	3124824.75 	184.13 	13.48 	1.00 	1.00 
860.00 	386601.29 	3124824.38 	184.07 	13.58 	1.00 	1.00 
861.00 	386601.26 	3124824.00 	183.99 	13.67 	1.00 	1.00 
862.00 	386601.23 	3124823.62 	183.98 	13.76 	1.00 	1.00 
863.00 	386601.21 	3124823.25 	183.94 	13.80 	1.00 	1.00 
864.00 	386601.17 	3124822.87 	183.86 	13.89 	1.00 	1.00 
865.00 	386601.13 	3124822.48 	183.79 	13.97 	1.00 	1.00 
866.00 	386601.11 	3124822.09 	183.69 	14.06 	1.00 	1.00 
867.00 	386601.07 	3124821.70 	183.60 	14.14 	1.00 	1.00 
868.00 	386601.05 	3124821.31 	183.48 	14.23 	1.00 	1.00 
869.00 	386601.01 	3124820.92 	183.44 	14.32 	1.00 	1.00 
870.00 	386600.99 	3124820.53 	183.37 	14.41 	1.00 	1.00 
871.00 	386600.95 	3124820.13 	183.34 	14.49 	1.00 	1.00 
872.00 	386600.92 	3124819.73 	183.30 	14.55 	1.00 	1.00 
873.00 	386600.93 	3124819.34 	183.25 	14.55 	1.00 	1.00 
874.00 	386600.88 	3124818.92 	183.19 	14.64 	1.00 	1.00 
875.00 	386600.85 	3124818.52 	183.13 	14.74 	1.00 	1.00 
876.00 	386600.82 	3124818.11 	183.10 	14.83 	1.00 	1.00 
877.00 	386600.80 	3124817.70 	183.09 	14.92 	1.00 	1.00 
878.00 	386600.76 	3124817.29 	183.07 	15.00 	1.00 	1.00 
879.00 	386600.74 	3124816.88 	183.09 	15.08 	1.00 	1.00 
880.00 	386600.71 	3124816.47 	183.11 	15.16 	1.00 	1.00 
881.00 	386600.68 	3124816.05 	183.13 	15.24 	1.00 	1.00 
882.00 	386600.66 	3124815.63 	183.15 	15.29 	1.00 	1.00 
883.00 	386600.65 	3124815.24 	183.22 	15.22 	1.00 	1.00 
884.00 	386600.60 	3124814.80 	183.29 	15.29 	1.00 	1.00 
885.00 	386600.57 	3124814.38 	183.34 	15.36 	1.00 	1.00 
886.00 	386600.53 	3124813.95 	183.38 	15.43 	1.00 	1.00 
887.00 	386600.50 	3124813.52 	183.44 	15.51 	1.00 	1.00 
888.00 	386600.48 	3124813.09 	183.50 	15.58 	1.00 	1.00 
889.00 	386600.44 	3124812.66 	183.52 	15.65 	1.00 	1.00 
890.00 	386600.41 	3124812.23 	183.60 	15.72 	1.00 	1.00 
891.00 	386600.37 	3124811.79 	183.62 	15.80 	1.00 	1.00 
892.00 	386600.34 	3124811.36 	183.64 	15.89 	1.00 	1.00 
893.00 	386600.32 	3124810.94 	183.64 	15.96 	1.00 	1.00 
894.00 	386600.28 	3124810.48 	183.67 	16.04 	1.00 	1.00 
895.00 	386600.24 	3124810.04 	183.66 	16.11 	1.00 	1.00 
896.00 	386600.21 	3124809.60 	183.66 	16.18 	1.00 	1.00 
897.00 	386600.17 	3124809.15 	183.64 	16.26 	1.00 	1.00 
898.00 	386600.14 	3124808.71 	183.63 	16.34 	1.00 	1.00 
899.00 	386600.10 	3124808.26 	183.61 	16.44 	1.00 	1.00 
900.00 	386600.07 	3124807.81 	183.61 	16.53 	1.00 	1.00 
901.00 	386600.03 	3124807.36 	183.57 	16.62 	1.00 	1.00 
902.00 	386600.00 	3124806.90 	183.52 	16.66 	1.00 	1.00 
903.00 	386599.99 	3124806.48 	183.52 	16.59 	1.00 	1.00 
904.00 	386599.94 	3124805.99 	183.49 	16.67 	1.00 	1.00 
905.00 	386599.89 	3124805.53 	183.48 	16.75 	1.00 	1.00 
906.00 	386599.86 	3124805.06 	183.49 	16.84 	1.00 	1.00 
907.00 	386599.83 	3124804.60 	183.45 	16.93 	1.00 	1.00 
908.00 	386599.80 	3124804.13 	183.47 	17.01 	1.00 	1.00 
909.00 	386599.77 	3124803.66 	183.47 	17.09 	1.00 	1.00 
910.00 	386599.73 	3124803.19 	183.52 	17.16 	1.00 	1.00 
911.00 	386599.70 	3124802.71 	183.54 	17.25 	1.00 	1.00 
912.00 	386599.67 	3124802.24 	183.62 	17.31 	1.00 	1.00 
913.00 	386599.63 	3124801.79 	183.63 	17.32 	1.00 	1.00 
914.00 	386599.59 	3124801.30 	183.64 	17.40 	1.00 	1.00 
915.00 	386599.55 	3124800.82 	183.65 	17.45 	1.00 	1.00 
916.00 	386599.49 	3124800.34 	183.64 	17.48 	1.00 	1.00 
917.00 	386599.45 	3124799.87 	183.66 	17.47 	1.00 	1.00 
918.00 	386599.41 	3124799.39 	183.70 	17.45 	1.00 	1.00 
919.00 	386599.38 	3124798.91 	183.72 	17.42 	1.00 	1.00 
920.00 	386599.34 	3124798.44 	183.76 	17.37 	1.00 	1.00 
921.00 	386599.30 	3124797.96 	183.80 	17.33 	1.00 	1.00 
922.00 	386599.25 	3124797.49 	183.79 	17.25 	1.00 	1.00 
923.00 	386599.20 	3124797.06 	183.80 	17.08 	1.00 	1.00 
924.00 	386599.19 	3124796.56 	183.83 	17.01 	1.00 	1.00 
925.00 	386599.15 	3124796.09 	183.84 	16.95 	1.00 	1.00 
926.00 	386599.11 	3124795.63 	183.84 	16.89 	1.00 	1.00 
927.00 	386599.07 	3124795.16 	183.85 	16.82 	1.00 	1.00 
928.00 	386599.03 	3124794.70 	183.86 	16.73 	1.00 	1.00 
929.00 	386598.99 	3124794.24 	183.88 	16.65 	1.00 	1.00 
930.00 	386598.97 	3124793.79 	183.84 	16.56 	1.00 	1.00 
931.00 	386598.92 	3124793.32 	183.85 	16.47 	1.00 	1.00 
932.00 	386598.89 	3124792.88 	183.87 	16.37 	1.00 	1.00 
