1	386630.84 	3124976.39 	4.08 	0.89 	1	1
2	386630.84 	3124976.40 	4.08 	0.91 	1	1
3	386630.84 	3124976.43 	4.10 	1.03 	1	1
4	386630.84 	3124976.47 	4.08 	1.16 	1	1
5	386630.84 	3124976.50 	4.04 	1.29 	1	1
6	386630.77 	3124976.55 	4.01 	1.41 	1	1
7	386630.49 	3124976.59 	4.05 	1.53 	1	1
8	386630.50 	3124976.63 	4.09 	1.66 	1	1
9	386630.50 	3124976.67 	4.09 	1.77 	1	1
10	386630.50 	3124976.73 	4.07 	1.88 	1	1
11	386630.51 	3124976.79 	4.06 	1.99 	1	1
12	386630.51 	3124976.84 	4.06 	2.11 	1	1
13	386630.52 	3124976.90 	4.07 	2.22 	1	1
14	386630.52 	3124976.96 	4.12 	2.33 	1	1
15	386630.53 	3124977.03 	4.14 	2.42 	1	1
16	386630.46 	3124977.10 	4.15 	2.50 	1	1
17	386630.18 	3124977.17 	4.16 	2.54 	1	1
18	386630.19 	3124977.24 	4.18 	2.63 	1	1
19	386630.20 	3124977.31 	4.20 	2.73 	1	1
20	386630.20 	3124977.39 	4.18 	2.83 	1	1
21	386630.21 	3124977.47 	4.18 	2.91 	1	1
22	386630.22 	3124977.55 	4.21 	2.98 	1	1
23	386630.22 	3124977.64 	4.23 	3.06 	1	1
24	386630.22 	3124977.73 	4.25 	3.13 	1	1
25	386630.23 	3124977.81 	4.24 	3.22 	1	1
26	386630.17 	3124977.90 	4.23 	3.28 	1	1
27	386629.86 	3124978.00 	4.24 	3.31 	1	1
28	386629.62 	3124978.09 	4.24 	3.38 	1	1
29	386629.64 	3124978.19 	4.25 	3.45 	1	1
30	386629.65 	3124978.29 	4.26 	3.51 	1	1
31	386629.66 	3124978.38 	4.27 	3.57 	1	1
32	386629.67 	3124978.48 	4.26 	3.63 	1	1
33	386629.68 	3124978.59 	4.28 	3.70 	1	1
34	386629.70 	3124978.69 	4.30 	3.75 	1	1
35	386629.70 	3124978.79 	4.32 	3.80 	1	1
36	386629.66 	3124978.90 	4.33 	3.85 	1	1
37	386629.51 	3124979.01 	4.33 	3.93 	1	1
38	386629.74 	3124979.11 	4.33 	3.99 	1	1
39	386629.75 	3124979.22 	4.34 	4.04 	1	1
40	386629.77 	3124979.33 	4.34 	4.08 	1	1
41	386629.78 	3124979.44 	4.34 	4.12 	1	1
42	386629.80 	3124979.55 	4.31 	4.17 	1	1
43	386629.81 	3124979.67 	4.30 	4.21 	1	1
44	386629.82 	3124979.79 	4.29 	4.27 	1	1
45	386629.83 	3124979.91 	4.25 	4.32 	1	1
46	386629.84 	3124980.03 	4.21 	4.36 	1	1
47	386629.85 	3124980.13 	4.18 	4.32 	1	1
48	386629.86 	3124980.25 	4.14 	4.35 	1	1
49	386629.87 	3124980.37 	4.06 	4.40 	1	1
50	386629.89 	3124980.50 	3.98 	4.45 	1	1
51	386629.90 	3124980.63 	3.90 	4.49 	1	1
52	386629.91 	3124980.75 	3.81 	4.52 	1	1
53	386629.93 	3124980.87 	3.71 	4.55 	1	1
54	386629.93 	3124981.00 	3.57 	4.59 	1	1
55	386629.94 	3124981.13 	3.43 	4.62 	1	1
56	386629.95 	3124981.25 	3.30 	4.67 	1	1
57	386629.96 	3124981.39 	3.16 	4.73 	1	1
58	386629.95 	3124981.52 	3.02 	4.77 	1	1
59	386629.96 	3124981.65 	2.86 	4.81 	1	1
60	386629.96 	3124981.78 	2.69 	4.85 	1	1
61	386629.98 	3124981.92 	2.52 	4.88 	1	1
62	386630.00 	3124982.06 	2.37 	4.91 	1	1
63	386630.01 	3124982.18 	2.21 	4.93 	1	1
64	386630.02 	3124982.28 	2.06 	4.95 	1	1
65	386630.03 	3124982.42 	1.91 	4.98 	1	1
66	386630.03 	3124982.55 	1.76 	5.00 	1	1
67	386630.02 	3124982.65 	1.63 	4.99 	1	1
68	386630.04 	3124982.83 	1.46 	5.02 	1	1
69	386630.05 	3124982.97 	1.26 	5.04 	1	1
70	386630.05 	3124983.10 	1.07 	5.06 	1	1
71	386630.06 	3124983.25 	0.86 	5.08 	1	1
72	386630.07 	3124983.38 	0.71 	5.10 	1	1
73	386630.07 	3124983.52 	0.52 	5.13 	1	1
74	386630.07 	3124983.66 	0.34 	5.16 	1	1
75	386630.07 	3124983.80 	0.18 	5.20 	1	1
76	386630.07 	3124983.94 	72.00 	5.20 	1	1
77	386630.06 	3124984.07 	359.84 	5.15 	1	1
78	386630.08 	3124984.22 	359.64 	5.18 	1	1
79	386630.08 	3124984.37 	359.46 	5.20 	1	1
80	386630.09 	3124984.51 	359.29 	5.20 	1	1
81	386630.09 	3124984.66 	359.13 	5.23 	1	1
82	386630.09 	3124984.80 	358.97 	5.24 	1	1
83	386630.09 	3124984.94 	358.79 	5.25 	1	1
84	386630.08 	3124985.08 	358.58 	5.26 	1	1
85	386630.08 	3124985.23 	358.40 	5.27 	1	1
86	386630.08 	3124985.37 	358.25 	5.27 	1	1
87	386630.06 	3124985.50 	358.08 	5.28 	1	1
88	386630.08 	3124985.65 	357.92 	5.31 	1	1
89	386630.07 	3124985.80 	357.76 	5.31 	1	1
90	386630.07 	3124985.94 	357.57 	5.32 	1	1
91	386630.06 	3124986.09 	357.40 	5.33 	1	1
92	386630.05 	3124986.23 	357.22 	5.33 	1	1
93	386630.05 	3124986.38 	357.04 	5.34 	1	1
94	386630.05 	3124986.53 	356.89 	5.33 	1	1
95	386630.05 	3124986.68 	356.73 	5.35 	1	1
96	386630.03 	3124986.82 	356.57 	5.36 	1	1
97	386630.01 	3124986.95 	356.42 	5.36 	1	1
98	386630.02 	3124987.12 	356.28 	5.37 	1	1
99	386630.02 	3124987.26 	356.12 	5.37 	1	1
100	386630.01 	3124987.40 	355.96 	5.37 	1	1
101	386630.00 	3124987.55 	355.84 	5.37 	1	1
102	386629.99 	3124987.69 	355.72 	5.36 	1	1
103	386630.00 	3124987.83 	355.61 	5.37 	1	1
104	386630.04 	3124987.94 	355.51 	5.37 	1	1
105	386630.03 	3124988.09 	355.40 	5.38 	1	1
106	386630.03 	3124988.22 	355.31 	5.37 	1	1
107	386630.03 	3124988.32 	355.24 	5.28 	1	1
108	386629.99 	3124988.52 	355.20 	5.28 	1	1
109	386629.99 	3124988.67 	355.16 	5.30 	1	1
110	386629.98 	3124988.81 	355.14 	5.31 	1	1
111	386629.97 	3124988.96 	355.14 	5.31 	1	1
112	386629.96 	3124989.10 	355.15 	5.32 	1	1
113	386629.95 	3124989.26 	355.17 	5.34 	1	1
114	386629.94 	3124989.40 	355.19 	5.34 	1	1
115	386629.94 	3124989.56 	355.23 	5.34 	1	1
116	386629.93 	3124989.70 	355.31 	5.33 	1	1
117	386629.92 	3124989.85 	355.38 	5.34 	1	1
118	386629.92 	3124990.00 	355.44 	5.33 	1	1
119	386629.91 	3124990.14 	355.52 	5.32 	1	1
120	386629.90 	3124990.29 	355.63 	5.34 	1	1
121	386629.90 	3124990.45 	355.74 	5.36 	1	1
122	386629.89 	3124990.60 	355.85 	5.38 	1	1
123	386629.88 	3124990.74 	356.00 	5.40 	1	1
124	386629.88 	3124990.90 	356.17 	5.40 	1	1
125	386629.87 	3124991.04 	356.33 	5.41 	1	1
126	386629.87 	3124991.20 	356.45 	5.41 	1	1
127	386629.87 	3124991.35 	356.57 	5.45 	1	1
128	386629.87 	3124991.50 	356.78 	5.45 	1	1
129	386629.87 	3124991.65 	356.99 	5.47 	1	1
130	386629.86 	3124991.80 	357.22 	5.46 	1	1
131	386629.86 	3124991.95 	357.48 	5.47 	1	1
132	386629.87 	3124992.11 	357.78 	5.48 	1	1
133	386629.88 	3124992.26 	358.08 	5.49 	1	1
134	386629.88 	3124992.41 	358.43 	5.51 	1	1
135	386629.88 	3124992.56 	358.80 	5.52 	1	1
136	386629.89 	3124992.72 	359.15 	5.52 	1	1
137	386629.91 	3124992.87 	359.52 	5.55 	1	1
138	386629.90 	3124993.03 	287.91 	5.57 	1	1
139	386629.91 	3124993.18 	0.30 	5.58 	1	1
140	386629.92 	3124993.33 	0.70 	5.59 	1	1
141	386629.93 	3124993.48 	1.13 	5.60 	1	1
142	386629.95 	3124993.64 	1.56 	5.60 	1	1
143	386629.95 	3124993.79 	2.00 	5.62 	1	1
144	386629.97 	3124993.95 	2.46 	5.64 	1	1
145	386629.98 	3124994.10 	2.95 	5.66 	1	1
146	386630.00 	3124994.25 	3.42 	5.64 	1	1
147	386630.05 	3124994.39 	3.86 	5.56 	1	1
148	386630.06 	3124994.56 	4.35 	5.57 	1	1
149	386630.07 	3124994.71 	4.86 	5.59 	1	1
150	386630.10 	3124994.87 	5.35 	5.60 	1	1
151	386630.12 	3124995.02 	5.87 	5.61 	1	1
152	386630.15 	3124995.18 	6.37 	5.63 	1	1
153	386630.18 	3124995.32 	6.92 	5.65 	1	1
154	386630.24 	3124995.45 	7.49 	5.66 	1	1
155	386630.27 	3124995.61 	8.05 	5.69 	1	1
156	386630.32 	3124995.75 	8.58 	5.70 	1	1
157	386630.41 	3124995.86 	9.08 	5.71 	1	1
158	386630.40 	3124996.04 	9.61 	5.72 	1	1
159	386630.45 	3124996.18 	10.15 	5.73 	1	1
160	386630.51 	3124996.30 	10.73 	5.76 	1	1
161	386630.55 	3124996.46 	11.33 	5.77 	1	1
162	386630.60 	3124996.62 	11.93 	5.79 	1	1
163	386630.64 	3124996.78 	12.55 	5.81 	1	1
164	386630.70 	3124996.93 	13.17 	5.84 	1	1
165	386630.75 	3124997.09 	13.79 	5.85 	1	1
166	386630.80 	3124997.24 	14.41 	5.87 	1	1
167	386630.88 	3124997.38 	14.98 	5.90 	1	1
168	386630.91 	3124997.56 	15.56 	5.93 	1	1
169	386630.96 	3124997.71 	16.15 	5.94 	1	1
170	386631.02 	3124997.87 	16.76 	5.97 	1	1
171	386631.09 	3124998.03 	17.40 	5.98 	1	1
172	386631.15 	3124998.18 	18.03 	6.00 	1	1
173	386631.21 	3124998.34 	18.64 	6.01 	1	1
174	386631.27 	3124998.49 	19.22 	6.03 	1	1
175	386631.35 	3124998.63 	19.79 	6.06 	1	1
176	386631.42 	3124998.80 	20.35 	6.09 	1	1
177	386631.46 	3124998.97 	20.87 	6.14 	1	1
178	386631.55 	3124999.11 	21.40 	6.16 	1	1
179	386631.63 	3124999.26 	21.94 	6.20 	1	1
180	386631.71 	3124999.42 	22.41 	6.22 	1	1
181	386631.79 	3124999.57 	22.87 	6.24 	1	1
182	386631.87 	3124999.74 	23.31 	6.26 	1	1
183	386631.95 	3124999.89 	23.77 	6.29 	1	1
184	386632.03 	3125000.05 	24.18 	6.30 	1	1
185	386632.11 	3125000.20 	24.51 	6.32 	1	1
186	386632.19 	3125000.36 	24.77 	6.33 	1	1
187	386632.25 	3125000.52 	24.93 	6.27 	1	1
188	386632.35 	3125000.66 	25.13 	6.27 	1	1
189	386632.43 	3125000.82 	25.31 	6.27 	1	1
190	386632.52 	3125000.98 	25.41 	6.27 	1	1
191	386632.60 	3125001.13 	25.48 	6.27 	1	1
192	386632.69 	3125001.29 	25.53 	6.28 	1	1
193	386632.77 	3125001.45 	25.53 	6.30 	1	1
194	386632.86 	3125001.61 	25.48 	6.31 	1	1
195	386632.94 	3125001.76 	25.38 	6.30 	1	1
196	386633.02 	3125001.92 	25.28 	6.31 	1	1
197	386633.08 	3125002.12 	25.16 	6.38 	1	1
198	386633.18 	3125002.25 	24.92 	6.37 	1	1
199	386633.26 	3125002.41 	24.68 	6.37 	1	1
200	386633.34 	3125002.57 	24.37 	6.37 	1	1
201	386633.42 	3125002.74 	24.01 	6.36 	1	1
202	386633.49 	3125002.90 	23.61 	6.36 	1	1
203	386633.56 	3125003.06 	23.13 	6.35 	1	1
204	386633.64 	3125003.23 	22.66 	6.33 	1	1
205	386633.71 	3125003.39 	22.12 	6.33 	1	1
206	386633.78 	3125003.57 	21.56 	6.32 	1	1
207	386633.83 	3125003.77 	21.05 	6.36 	1	1
208	386633.91 	3125003.91 	20.46 	6.35 	1	1
209	386633.96 	3125004.07 	19.86 	6.35 	1	1
210	386634.02 	3125004.24 	19.23 	6.33 	1	1
211	386634.08 	3125004.41 	18.60 	6.29 	1	1
212	386634.14 	3125004.58 	17.94 	6.26 	1	1
213	386634.19 	3125004.75 	17.25 	6.24 	1	1
214	386634.24 	3125004.93 	16.55 	6.23 	1	1
215	386634.29 	3125005.09 	15.81 	6.21 	1	1
216	386634.33 	3125005.27 	15.03 	6.21 	1	1
217	386634.34 	3125005.48 	14.27 	6.28 	1	1
218	386634.40 	3125005.61 	13.45 	6.28 	1	1
219	386634.44 	3125005.79 	12.60 	6.25 	1	1
220	386634.47 	3125005.97 	11.76 	6.22 	1	1
221	386634.50 	3125006.13 	10.94 	6.22 	1	1
222	386634.53 	3125006.31 	10.08 	6.20 	1	1
223	386634.56 	3125006.49 	9.22 	6.17 	1	1
224	386634.59 	3125006.66 	8.36 	6.16 	1	1
225	386634.61 	3125006.83 	7.54 	6.13 	1	1
226	386634.63 	3125007.01 	6.67 	6.12 	1	1
227	386634.65 	3125007.21 	5.87 	6.18 	1	1
228	386634.66 	3125007.36 	5.02 	6.14 	1	1
229	386634.67 	3125007.53 	4.14 	6.11 	1	1
230	386634.69 	3125007.70 	3.26 	6.10 	1	1
231	386634.69 	3125007.87 	2.40 	6.09 	1	1
232	386634.69 	3125008.04 	1.54 	6.07 	1	1
233	386634.69 	3125008.21 	0.70 	6.05 	1	1
234	386634.69 	3125008.38 	71.87 	6.01 	1	1
235	386634.68 	3125008.55 	359.05 	5.99 	1	1
236	386634.68 	3125008.72 	358.20 	5.98 	1	1
237	386634.67 	3125008.90 	357.44 	5.97 	1	1
238	386634.66 	3125009.06 	356.64 	5.97 	1	1
239	386634.65 	3125009.22 	355.86 	5.96 	1	1
240	386634.63 	3125009.39 	355.13 	5.96 	1	1
241	386634.61 	3125009.56 	354.43 	5.95 	1	1
242	386634.59 	3125009.72 	353.78 	5.96 	1	1
243	386634.57 	3125009.89 	353.16 	5.95 	1	1
244	386634.55 	3125010.06 	352.53 	5.94 	1	1
245	386634.53 	3125010.22 	351.91 	5.93 	1	1
246	386634.50 	3125010.38 	351.37 	5.91 	1	1
247	386634.47 	3125010.55 	350.87 	5.88 	1	1
248	386634.45 	3125010.71 	350.28 	5.87 	1	1
249	386634.42 	3125010.88 	349.74 	5.87 	1	1
250	386634.39 	3125011.04 	349.20 	5.85 	1	1
251	386634.36 	3125011.20 	348.66 	5.84 	1	1
252	386634.32 	3125011.36 	348.13 	5.84 	1	1
253	386634.29 	3125011.52 	347.62 	5.84 	1	1
254	386634.25 	3125011.69 	347.15 	5.84 	1	1
255	386634.22 	3125011.85 	346.72 	5.87 	1	1
256	386634.18 	3125012.02 	346.37 	5.91 	1	1
257	386634.14 	3125012.20 	346.15 	6.04 	1	1
258	386634.09 	3125012.34 	345.95 	6.04 	1	1
259	386634.06 	3125012.51 	345.82 	6.05 	1	1
260	386634.02 	3125012.67 	345.71 	6.07 	1	1
261	386633.97 	3125012.81 	345.65 	6.07 	1	1
262	386633.95 	3125012.90 	345.57 	6.06 	1	1
263	386633.91 	3125013.05 	345.54 	6.07 	1	1
264	386633.87 	3125013.22 	345.51 	6.10 	1	1
265	386633.83 	3125013.38 	345.49 	6.10 	1	1
266	386633.80 	3125013.53 	345.55 	6.08 	1	1
267	386633.80 	3125013.64 	345.69 	6.00 	1	1
268	386633.74 	3125013.88 	345.78 	6.01 	1	1
269	386633.70 	3125014.04 	345.91 	6.02 	1	1
270	386633.67 	3125014.21 	346.08 	6.04 	1	1
271	386633.63 	3125014.38 	346.26 	6.06 	1	1
272	386633.58 	3125014.54 	346.49 	6.06 	1	1
273	386633.55 	3125014.71 	346.77 	6.07 	1	1
274	386633.52 	3125014.89 	347.05 	6.08 	1	1
275	386633.48 	3125015.04 	347.41 	6.07 	1	1
276	386633.46 	3125015.22 	347.84 	6.10 	1	1
277	386633.46 	3125015.40 	348.21 	6.21 	1	1
278	386633.41 	3125015.56 	348.64 	6.24 	1	1
279	386633.39 	3125015.73 	349.13 	6.27 	1	1
280	386633.37 	3125015.90 	349.62 	6.29 	1	1
281	386633.35 	3125016.07 	350.13 	6.29 	1	1
282	386633.34 	3125016.22 	350.65 	6.29 	1	1
283	386633.32 	3125016.40 	351.19 	6.30 	1	1
284	386633.31 	3125016.57 	351.73 	6.30 	1	1
285	386633.30 	3125016.74 	352.28 	6.32 	1	1
286	386633.29 	3125016.91 	352.78 	6.28 	1	1
287	386633.31 	3125017.06 	353.26 	6.18 	1	1
288	386633.27 	3125017.25 	353.79 	6.20 	1	1
289	386633.26 	3125017.42 	354.35 	6.22 	1	1
290	386633.27 	3125017.60 	354.94 	6.25 	1	1
291	386633.26 	3125017.77 	355.48 	6.27 	1	1
292	386633.25 	3125017.95 	356.04 	6.27 	1	1
293	386633.25 	3125018.11 	356.61 	6.29 	1	1
294	386633.26 	3125018.27 	357.21 	6.32 	1	1
295	386633.27 	3125018.45 	357.77 	6.34 	1	1
296	386633.28 	3125018.61 	358.31 	6.33 	1	1
297	386633.31 	3125018.78 	358.78 	6.33 	1	1
298	386633.29 	3125018.97 	359.32 	6.35 	1	1
299	386633.30 	3125019.15 	287.80 	6.36 	1	1
300	386633.32 	3125019.33 	0.26 	6.38 	1	1
301	386633.33 	3125019.50 	0.67 	6.41 	1	1
302	386633.33 	3125019.68 	1.06 	6.42 	1	1
303	386633.35 	3125019.86 	1.42 	6.44 	1	1
304	386633.36 	3125020.03 	1.76 	6.46 	1	1
305	386633.38 	3125020.21 	2.02 	6.47 	1	1
306	386633.40 	3125020.40 	2.30 	6.48 	1	1
307	386633.41 	3125020.58 	2.56 	6.51 	1	1
308	386633.43 	3125020.75 	2.81 	6.52 	1	1
309	386633.44 	3125020.93 	3.08 	6.53 	1	1
310	386633.46 	3125021.11 	3.31 	6.55 	1	1
311	386633.48 	3125021.29 	3.52 	6.58 	1	1
312	386633.50 	3125021.47 	3.74 	6.61 	1	1
313	386633.52 	3125021.65 	3.96 	6.63 	1	1
314	386633.54 	3125021.83 	4.15 	6.65 	1	1
315	386633.56 	3125022.01 	4.35 	6.66 	1	1
316	386633.58 	3125022.19 	4.50 	6.65 	1	1
317	386633.60 	3125022.34 	4.60 	6.54 	1	1
318	386633.62 	3125022.54 	4.74 	6.56 	1	1
319	386633.65 	3125022.71 	4.84 	6.59 	1	1
320	386633.68 	3125022.89 	4.96 	6.60 	1	1
321	386633.70 	3125023.08 	5.08 	6.61 	1	1
322	386633.72 	3125023.26 	5.20 	6.63 	1	1
323	386633.75 	3125023.43 	5.30 	6.64 	1	1
324	386633.77 	3125023.61 	5.42 	6.66 	1	1
325	386633.79 	3125023.80 	5.50 	6.69 	1	1
326	386633.82 	3125023.97 	5.56 	6.67 	1	1
327	386633.84 	3125024.11 	5.61 	6.56 	1	1
328	386633.86 	3125024.31 	5.66 	6.59 	1	1
329	386633.88 	3125024.49 	5.67 	6.62 	1	1
330	386633.91 	3125024.67 	5.69 	6.62 	1	1
331	386633.93 	3125024.85 	5.75 	6.65 	1	1
332	386633.95 	3125025.03 	5.78 	6.66 	1	1
333	386633.98 	3125025.22 	5.80 	6.67 	1	1
334	386634.00 	3125025.40 	5.82 	6.68 	1	1
335	386634.03 	3125025.58 	5.85 	6.69 	1	1
336	386634.05 	3125025.77 	5.91 	6.68 	1	1
337	386634.08 	3125025.93 	5.92 	6.63 	1	1
338	386634.10 	3125026.12 	5.96 	6.64 	1	1
339	386634.12 	3125026.30 	6.00 	6.66 	1	1
340	386634.15 	3125026.47 	6.03 	6.68 	1	1
341	386634.18 	3125026.66 	6.03 	6.71 	1	1
342	386634.20 	3125026.83 	6.06 	6.73 	1	1
343	386634.23 	3125027.02 	6.12 	6.75 	1	1
344	386634.26 	3125027.19 	6.13 	6.76 	1	1
345	386634.28 	3125027.38 	6.12 	6.78 	1	1
346	386634.31 	3125027.55 	6.15 	6.74 	1	1
347	386634.35 	3125027.70 	6.18 	6.61 	1	1
348	386634.36 	3125027.91 	6.24 	6.61 	1	1
349	386634.39 	3125028.09 	6.30 	6.63 	1	1
350	386634.42 	3125028.27 	6.34 	6.64 	1	1
351	386634.45 	3125028.45 	6.38 	6.66 	1	1
352	386634.47 	3125028.63 	6.46 	6.68 	1	1
353	386634.50 	3125028.81 	6.53 	6.70 	1	1
354	386634.53 	3125028.99 	6.61 	6.72 	1	1
355	386634.55 	3125029.17 	6.70 	6.74 	1	1
356	386634.59 	3125029.35 	6.78 	6.74 	1	1
357	386634.64 	3125029.51 	6.88 	6.71 	1	1
358	386634.66 	3125029.71 	6.98 	6.73 	1	1
359	386634.69 	3125029.89 	7.08 	6.77 	1	1
360	386634.72 	3125030.08 	7.18 	6.79 	1	1
361	386634.75 	3125030.25 	7.32 	6.80 	1	1
362	386634.78 	3125030.43 	7.45 	6.80 	1	1
363	386634.81 	3125030.62 	7.55 	6.82 	1	1
364	386634.84 	3125030.80 	7.67 	6.85 	1	1
365	386634.87 	3125030.99 	7.76 	6.89 	1	1
366	386634.91 	3125031.16 	7.86 	6.87 	1	1
367	386634.94 	3125031.31 	7.99 	6.68 	1	1
368	386634.97 	3125031.52 	8.15 	6.69 	1	1
369	386635.00 	3125031.70 	8.33 	6.69 	1	1
370	386635.04 	3125031.88 	8.54 	6.70 	1	1
371	386635.07 	3125032.06 	8.73 	6.73 	1	1
372	386635.11 	3125032.24 	8.91 	6.75 	1	1
373	386635.15 	3125032.42 	9.13 	6.78 	1	1
374	386635.19 	3125032.60 	9.33 	6.80 	1	1
375	386635.23 	3125032.79 	9.51 	6.82 	1	1
376	386635.26 	3125032.97 	9.72 	6.84 	1	1
377	386635.33 	3125033.13 	10.03 	6.83 	1	1
378	386635.36 	3125033.33 	10.26 	6.84 	1	1
379	386635.39 	3125033.52 	10.49 	6.86 	1	1
380	386635.44 	3125033.70 	10.73 	6.87 	1	1
381	386635.49 	3125033.88 	10.95 	6.89 	1	1
382	386635.53 	3125034.06 	11.21 	6.91 	1	1
383	386635.58 	3125034.25 	11.48 	6.93 	1	1
384	386635.63 	3125034.43 	11.73 	6.95 	1	1
385	386635.67 	3125034.61 	12.01 	6.98 	1	1
386	386635.72 	3125034.79 	12.26 	6.95 	1	1
387	386635.79 	3125034.93 	12.43 	6.81 	1	1
388	386635.82 	3125035.14 	12.67 	6.84 	1	1
389	386635.87 	3125035.32 	12.94 	6.87 	1	1
390	386635.93 	3125035.51 	13.22 	6.89 	1	1
391	386635.98 	3125035.69 	13.51 	6.91 	1	1
392	386636.03 	3125035.87 	13.78 	6.93 	1	1
393	386636.09 	3125036.06 	14.05 	6.96 	1	1
394	386636.15 	3125036.24 	14.33 	6.98 	1	1
395	386636.20 	3125036.43 	14.61 	7.01 	1	1
396	386636.27 	3125036.61 	14.91 	7.02 	1	1
397	386636.35 	3125036.77 	15.23 	7.03 	1	1
398	386636.39 	3125036.98 	15.52 	7.05 	1	1
399	386636.45 	3125037.16 	15.80 	7.08 	1	1
400	386636.51 	3125037.34 	16.08 	7.10 	1	1
401	386636.57 	3125037.53 	16.37 	7.12 	1	1
402	386636.64 	3125037.71 	16.65 	7.15 	1	1
403	386636.71 	3125037.90 	16.92 	7.16 	1	1
404	386636.77 	3125038.08 	17.18 	7.17 	1	1
405	386636.84 	3125038.27 	17.44 	7.18 	1	1
406	386636.91 	3125038.45 	17.70 	7.17 	1	1
407	386636.98 	3125038.61 	18.00 	7.06 	1	1
408	386637.05 	3125038.81 	18.23 	7.08 	1	1
409	386637.12 	3125039.00 	18.48 	7.09 	1	1
410	386637.19 	3125039.18 	18.67 	7.12 	1	1
411	386637.26 	3125039.36 	18.88 	7.13 	1	1
412	386637.34 	3125039.55 	19.06 	7.15 	1	1
413	386637.41 	3125039.74 	19.23 	7.17 	1	1
414	386637.48 	3125039.92 	19.41 	7.18 	1	1
415	386637.55 	3125040.10 	19.57 	7.20 	1	1
416	386637.63 	3125040.29 	19.71 	7.20 	1	1
417	386637.71 	3125040.46 	19.89 	7.17 	1	1
418	386637.78 	3125040.66 	20.02 	7.18 	1	1
419	386637.85 	3125040.84 	20.15 	7.19 	1	1
420	386637.93 	3125041.02 	20.25 	7.21 	1	1
421	386638.01 	3125041.21 	20.37 	7.23 	1	1
422	386638.09 	3125041.40 	20.44 	7.24 	1	1
423	386638.17 	3125041.58 	20.51 	7.26 	1	1
424	386638.24 	3125041.77 	20.61 	7.27 	1	1
425	386638.31 	3125041.96 	20.71 	7.28 	1	1
426	386638.39 	3125042.14 	20.78 	7.28 	1	1
427	386638.50 	3125042.31 	20.87 	7.28 	1	1
428	386638.56 	3125042.51 	20.91 	7.29 	1	1
429	386638.64 	3125042.70 	20.96 	7.30 	1	1
430	386638.72 	3125042.88 	21.03 	7.31 	1	1
431	386638.79 	3125043.07 	21.07 	7.33 	1	1
432	386638.87 	3125043.25 	21.10 	7.34 	1	1
433	386638.95 	3125043.44 	21.16 	7.34 	1	1
434	386639.03 	3125043.63 	21.21 	7.33 	1	1
435	386639.11 	3125043.81 	21.24 	7.32 	1	1
436	386639.19 	3125043.99 	21.28 	7.28 	1	1
437	386639.30 	3125044.16 	21.36 	7.17 	1	1
438	386639.36 	3125044.35 	21.38 	7.17 	1	1
439	386639.44 	3125044.54 	21.39 	7.18 	1	1
440	386639.52 	3125044.73 	21.40 	7.19 	1	1
441	386639.60 	3125044.91 	21.42 	7.19 	1	1
442	386639.68 	3125045.09 	21.46 	7.18 	1	1
443	386639.76 	3125045.28 	21.45 	7.19 	1	1
444	386639.84 	3125045.46 	21.45 	7.19 	1	1
445	386639.91 	3125045.65 	21.45 	7.19 	1	1
446	386640.00 	3125045.83 	21.45 	7.20 	1	1
447	386640.10 	3125046.01 	21.49 	7.22 	1	1
448	386640.16 	3125046.20 	21.44 	7.21 	1	1
449	386640.24 	3125046.38 	21.41 	7.19 	1	1
450	386640.32 	3125046.56 	21.39 	7.15 	1	1
451	386640.39 	3125046.75 	21.34 	7.12 	1	1
452	386640.47 	3125046.92 	21.28 	7.05 	1	1
453	386640.55 	3125047.10 	21.22 	7.00 	1	1
454	386640.63 	3125047.29 	21.11 	6.95 	1	1
455	386640.70 	3125047.47 	21.04 	6.87 	1	1
456	386640.78 	3125047.64 	20.93 	6.84 	1	1
457	386640.88 	3125047.81 	20.86 	6.88 	1	1
458	386640.92 	3125047.99 	20.74 	6.81 	1	1
459	386640.99 	3125048.16 	20.61 	6.74 	1	1
460	386641.07 	3125048.34 	20.44 	6.70 	1	1
461	386641.14 	3125048.50 	20.29 	6.68 	1	1
462	386641.20 	3125048.67 	20.11 	6.65 	1	1
463	386641.27 	3125048.84 	19.91 	6.60 	1	1
464	386641.33 	3125049.01 	19.71 	6.57 	1	1
465	386641.40 	3125049.18 	19.50 	6.54 	1	1
466	386641.46 	3125049.35 	19.25 	6.52 	1	1
467	386641.51 	3125049.51 	18.99 	6.48 	1	1
468	386641.58 	3125049.68 	18.64 	6.46 	1	1
469	386641.64 	3125049.85 	18.26 	6.44 	1	1
470	386641.70 	3125050.02 	17.85 	6.43 	1	1
471	386641.75 	3125050.19 	17.43 	6.42 	1	1
472	386641.81 	3125050.36 	16.92 	6.38 	1	1
473	386641.86 	3125050.52 	16.37 	6.34 	1	1
474	386641.91 	3125050.69 	15.80 	6.31 	1	1
475	386641.96 	3125050.85 	15.18 	6.29 	1	1
476	386642.00 	3125051.02 	14.51 	6.27 	1	1
477	386642.02 	3125051.20 	13.84 	6.27 	1	1
478	386642.07 	3125051.37 	13.06 	6.26 	1	1
479	386642.10 	3125051.54 	12.20 	6.23 	1	1
480	386642.13 	3125051.71 	11.29 	6.21 	1	1
481	386642.16 	3125051.87 	10.28 	6.17 	1	1
482	386642.17 	3125052.05 	9.27 	6.13 	1	1
483	386642.19 	3125052.23 	8.26 	6.11 	1	1
484	386642.21 	3125052.39 	7.23 	6.10 	1	1
485	386642.23 	3125052.56 	6.20 	6.07 	1	1
486	386642.24 	3125052.74 	5.13 	6.05 	1	1
487	386642.22 	3125052.90 	4.06 	6.06 	1	1
488	386642.24 	3125053.07 	3.01 	6.03 	1	1
489	386642.24 	3125053.23 	2.00 	5.99 	1	1
490	386642.24 	3125053.40 	0.94 	5.95 	1	1
491	386642.24 	3125053.57 	71.86 	5.90 	1	1
492	386642.23 	3125053.73 	358.78 	5.86 	1	1
493	386642.22 	3125053.89 	357.69 	5.83 	1	1
494	386642.21 	3125054.04 	356.60 	5.78 	1	1
495	386642.19 	3125054.21 	355.51 	5.72 	1	1
496	386642.17 	3125054.36 	354.45 	5.69 	1	1
497	386642.12 	3125054.52 	353.44 	5.67 	1	1
498	386642.12 	3125054.66 	352.33 	5.61 	1	1
499	386642.09 	3125054.82 	351.23 	5.56 	1	1
500	386642.06 	3125054.96 	350.17 	5.49 	1	1
501	386642.03 	3125055.12 	349.05 	5.42 	1	1
502	386641.99 	3125055.26 	347.97 	5.31 	1	1
503	386641.95 	3125055.40 	346.91 	5.16 	1	1
504	386641.87 	3125055.55 	345.85 	5.01 	1	1
505	386641.83 	3125055.68 	344.83 	4.90 	1	1
506	386641.77 	3125055.81 	343.83 	4.79 	1	1
507	386641.69 	3125055.94 	342.87 	4.72 	1	1
508	386641.67 	3125056.06 	341.85 	4.65 	1	1
509	386641.63 	3125056.18 	340.80 	4.59 	1	1
510	386641.59 	3125056.28 	339.73 	4.53 	1	1
511	386641.54 	3125056.40 	338.69 	4.46 	1	1
512	386641.48 	3125056.50 	337.67 	4.37 	1	1
513	386641.43 	3125056.61 	336.63 	4.29 	1	1
514	386641.36 	3125056.71 	335.59 	4.22 	1	1
515	386641.31 	3125056.82 	334.54 	4.11 	1	1
516	386641.25 	3125056.90 	333.54 	3.94 	1	1
517	386641.18 	3125056.98 	332.62 	3.70 	1	1
518	386641.15 	3125057.06 	331.64 	3.55 	1	1
519	386641.10 	3125057.15 	330.67 	3.42 	1	1
520	386641.05 	3125057.22 	329.69 	3.31 	1	1
521	386641.00 	3125057.29 	328.69 	3.25 	1	1
522	386640.94 	3125057.35 	327.69 	3.23 	1	1
523	386640.89 	3125057.43 	326.65 	3.24 	1	1
524	386640.83 	3125057.48 	325.56 	3.27 	1	1
525	386640.77 	3125057.55 	324.47 	3.28 	1	1
526	386640.72 	3125057.62 	323.42 	3.25 	1	1
527	386640.66 	3125057.64 	322.39 	3.14 	1	1
528	386640.60 	3125057.73 	321.26 	3.15 	1	1
529	386640.54 	3125057.78 	320.13 	3.16 	1	1
530	386640.47 	3125057.84 	319.00 	3.14 	1	1
531	386640.40 	3125057.90 	317.88 	3.10 	1	1
532	386640.35 	3125057.94 	316.79 	3.01 	1	1
533	386640.29 	3125058.00 	315.71 	2.89 	1	1
534	386640.22 	3125058.04 	314.64 	2.75 	1	1
535	386640.16 	3125058.09 	313.64 	2.55 	1	1
536	386640.10 	3125058.12 	312.79 	2.34 	1	1
537	386640.04 	3125058.12 	312.09 	2.16 	1	1
538	386640.01 	3125058.18 	311.35 	2.00 	1	1
539	386639.96 	3125058.22 	310.63 	1.93 	1	1
540	386639.92 	3125058.24 	309.91 	1.92 	1	1
541	386639.88 	3125058.26 	309.19 	1.93 	1	1
542	386639.85 	3125058.27 	308.50 	1.94 	1	1
543	386639.80 	3125058.31 	307.76 	1.94 	1	1
544	386639.76 	3125058.33 	307.01 	1.94 	1	1
545	386639.71 	3125058.35 	306.28 	1.91 	1	1
546	386639.68 	3125058.37 	305.55 	1.82 	1	1
547	386639.67 	3125058.38 	304.80 	1.59 	1	1
548	386639.61 	3125058.42 	304.21 	1.42 	1	1
549	386639.57 	3125058.43 	303.68 	1.27 	1	1
550	386639.54 	3125058.44 	303.18 	1.21 	1	1
551	386639.51 	3125058.46 	302.68 	1.22 	1	1
552	386639.47 	3125058.48 	302.21 	1.21 	1	1
553	386639.44 	3125058.50 	301.75 	1.19 	1	1
554	386639.41 	3125058.51 	301.28 	1.18 	1	1
555	386639.39 	3125058.52 	300.77 	1.20 	1	1
556	386639.36 	3125058.53 	300.23 	1.22 	1	1
557	386639.33 	3125058.55 	299.70 	1.22 	1	1
558	386639.30 	3125058.55 	299.14 	1.26 	1	1
559	386639.26 	3125058.57 	298.57 	1.30 	1	1
560	386639.23 	3125058.59 	298.00 	1.33 	1	1
561	386639.19 	3125058.60 	297.40 	1.36 	1	1
562	386639.15 	3125058.61 	296.76 	1.40 	1	1
563	386639.12 	3125058.63 	296.10 	1.44 	1	1
564	386639.07 	3125058.63 	295.42 	1.47 	1	1
565	386639.03 	3125058.65 	294.71 	1.51 	1	1
566	386638.99 	3125058.66 	293.99 	1.56 	1	1
567	386638.92 	3125058.66 	293.26 	1.68 	1	1
568	386638.88 	3125058.68 	292.52 	1.73 	1	1
569	386638.84 	3125058.70 	291.77 	1.78 	1	1
570	386638.78 	3125058.71 	291.00 	1.82 	1	1
571	386638.74 	3125058.72 	290.19 	1.86 	1	1
572	386638.69 	3125058.74 	289.35 	1.90 	1	1
573	386638.64 	3125058.74 	288.50 	1.95 	1	1
574	386638.58 	3125058.75 	287.62 	1.99 	1	1
575	386638.52 	3125058.77 	286.70 	2.05 	1	1
576	386638.46 	3125058.77 	285.75 	2.08 	1	1
577	386638.37 	3125058.75 	284.78 	2.13 	1	1
578	386638.33 	3125058.78 	283.80 	2.17 	1	1
579	386638.27 	3125058.79 	282.81 	2.22 	1	1
580	386638.20 	3125058.80 	281.81 	2.27 	1	1
581	386638.13 	3125058.80 	280.77 	2.31 	1	1
582	386638.06 	3125058.80 	279.72 	2.36 	1	1
583	386638.00 	3125058.80 	278.65 	2.40 	1	1
584	386637.93 	3125058.80 	277.56 	2.43 	1	1
585	386637.86 	3125058.81 	276.46 	2.46 	1	1
586	386637.78 	3125058.80 	275.34 	2.50 	1	1
587	386637.68 	3125058.75 	274.31 	2.62 	1	1
588	386637.63 	3125058.79 	273.17 	2.65 	1	1
589	386637.55 	3125058.78 	272.00 	2.68 	1	1
590	386637.47 	3125058.77 	270.80 	2.70 	1	1
591	386637.40 	3125058.76 	269.58 	2.71 	1	1
592	386637.32 	3125058.74 	268.37 	2.71 	1	1
593	386637.25 	3125058.73 	267.17 	2.72 	1	1
594	386637.17 	3125058.71 	265.94 	2.73 	1	1
595	386637.09 	3125058.70 	264.69 	2.74 	1	1
596	386637.01 	3125058.68 	263.47 	2.77 	1	1
597	386636.91 	3125058.62 	262.30 	2.85 	1	1
598	386636.84 	3125058.64 	261.03 	2.87 	1	1
599	386636.77 	3125058.61 	259.77 	2.86 	1	1
600	386636.69 	3125058.57 	258.48 	2.86 	1	1
601	386636.61 	3125058.55 	257.19 	2.86 	1	1
602	386636.52 	3125058.51 	255.90 	2.87 	1	1
603	386636.45 	3125058.48 	254.60 	2.88 	1	1
604	386636.37 	3125058.44 	253.25 	2.90 	1	1
605	386636.29 	3125058.41 	251.92 	2.91 	1	1
606	386636.22 	3125058.36 	250.58 	2.92 	1	1
607	386636.12 	3125058.25 	249.22 	2.97 	1	1
608	386636.06 	3125058.26 	247.84 	2.97 	1	1
609	386635.99 	3125058.23 	246.49 	2.96 	1	1
610	386635.91 	3125058.17 	245.13 	2.95 	1	1
611	386635.84 	3125058.13 	243.75 	2.94 	1	1
612	386635.76 	3125058.07 	242.36 	2.94 	1	1
613	386635.69 	3125058.02 	240.95 	2.93 	1	1
614	386635.61 	3125057.97 	239.56 	2.94 	1	1
615	386635.55 	3125057.92 	238.15 	2.94 	1	1
616	386635.48 	3125057.85 	236.76 	2.99 	1	1
617	386635.39 	3125057.73 	235.47 	3.20 	1	1
618	386635.35 	3125057.71 	234.07 	3.21 	1	1
619	386635.28 	3125057.65 	232.68 	3.21 	1	1
620	386635.22 	3125057.58 	231.26 	3.22 	1	1
621	386635.15 	3125057.51 	229.87 	3.23 	1	1
622	386635.08 	3125057.42 	228.46 	3.22 	1	1
623	386635.02 	3125057.36 	227.09 	3.22 	1	1
624	386634.96 	3125057.28 	225.73 	3.22 	1	1
625	386634.90 	3125057.20 	224.38 	3.22 	1	1
626	386634.85 	3125057.12 	223.08 	3.25 	1	1
627	386634.79 	3125056.98 	221.92 	3.37 	1	1
628	386634.73 	3125056.95 	220.64 	3.38 	1	1
629	386634.68 	3125056.87 	219.33 	3.37 	1	1
630	386634.63 	3125056.78 	218.01 	3.39 	1	1
631	386634.58 	3125056.70 	216.73 	3.39 	1	1
632	386634.53 	3125056.61 	215.50 	3.39 	1	1
633	386634.49 	3125056.53 	214.26 	3.39 	1	1
634	386634.45 	3125056.43 	213.09 	3.40 	1	1
635	386634.41 	3125056.34 	211.97 	3.41 	1	1
636	386634.36 	3125056.24 	210.91 	3.47 	1	1
637	386634.30 	3125056.11 	209.93 	3.65 	1	1
638	386634.27 	3125056.05 	208.88 	3.66 	1	1
639	386634.22 	3125055.95 	207.86 	3.66 	1	1
640	386634.18 	3125055.85 	206.82 	3.65 	1	1
641	386634.15 	3125055.75 	205.77 	3.67 	1	1
642	386634.11 	3125055.64 	204.76 	3.69 	1	1
643	386634.08 	3125055.54 	203.77 	3.71 	1	1
644	386634.05 	3125055.43 	202.79 	3.72 	1	1
645	386634.01 	3125055.33 	201.80 	3.74 	1	1
646	386633.98 	3125055.22 	200.84 	3.79 	1	1
647	386633.93 	3125055.07 	199.88 	4.00 	1	1
648	386633.91 	3125055.00 	198.95 	4.00 	1	1
649	386633.88 	3125054.89 	198.08 	4.02 	1	1
650	386633.86 	3125054.77 	197.21 	4.03 	1	1
651	386633.83 	3125054.65 	196.37 	4.05 	1	1
652	386633.81 	3125054.53 	195.54 	4.08 	1	1
653	386633.78 	3125054.42 	194.76 	4.11 	1	1
654	386633.76 	3125054.30 	194.02 	4.12 	1	1
655	386633.74 	3125054.18 	193.35 	4.13 	1	1
656	386633.72 	3125054.05 	192.71 	4.20 	1	1
657	386633.70 	3125053.89 	192.04 	4.42 	1	1
658	386633.67 	3125053.80 	191.51 	4.45 	1	1
659	386633.65 	3125053.68 	190.99 	4.47 	1	1
660	386633.64 	3125053.54 	190.55 	4.48 	1	1
661	386633.63 	3125053.41 	190.12 	4.49 	1	1
662	386633.60 	3125053.28 	189.71 	4.50 	1	1
663	386633.58 	3125053.16 	189.34 	4.50 	1	1
664	386633.56 	3125053.02 	189.00 	4.50 	1	1
665	386633.55 	3125052.89 	188.69 	4.51 	1	1
666	386633.54 	3125052.75 	188.43 	4.57 	1	1
667	386633.50 	3125052.57 	188.22 	4.73 	1	1
668	386633.50 	3125052.46 	188.05 	4.72 	1	1
669	386633.48 	3125052.33 	187.92 	4.72 	1	1
670	386633.47 	3125052.18 	187.80 	4.71 	1	1
671	386633.45 	3125052.05 	187.74 	4.69 	1	1
672	386633.42 	3125051.91 	187.69 	4.66 	1	1
673	386633.40 	3125051.77 	187.67 	4.64 	1	1
674	386633.38 	3125051.62 	187.68 	4.63 	1	1
675	386633.37 	3125051.49 	187.69 	4.61 	1	1
676	386633.35 	3125051.34 	187.64 	4.67 	1	1
677	386633.31 	3125051.13 	187.50 	4.87 	1	1
678	386633.30 	3125051.03 	187.49 	4.85 	1	1
679	386633.28 	3125050.89 	187.50 	4.83 	1	1
680	386633.27 	3125050.74 	187.49 	4.80 	1	1
681	386633.24 	3125050.61 	187.47 	4.78 	1	1
682	386633.19 	3125050.47 	187.46 	4.76 	1	1
683	386633.17 	3125050.34 	187.47 	4.74 	1	1
684	386633.15 	3125050.21 	187.51 	4.71 	1	1
685	386633.13 	3125050.08 	187.50 	4.68 	1	1
686	386633.10 	3125049.93 	187.47 	4.73 	1	1
687	386633.06 	3125049.71 	187.38 	4.94 	1	1
688	386633.07 	3125049.58 	187.38 	4.90 	1	1
689	386633.05 	3125049.44 	187.36 	4.87 	1	1
690	386633.04 	3125049.27 	187.35 	4.84 	1	1
691	386633.02 	3125049.14 	187.37 	4.82 	1	1
692	386632.99 	3125048.98 	187.38 	4.79 	1	1
693	386632.96 	3125048.85 	187.35 	4.76 	1	1
694	386632.93 	3125048.71 	187.36 	4.72 	1	1
695	386632.91 	3125048.58 	187.36 	4.69 	1	1
696	386632.89 	3125048.42 	187.36 	4.72 	1	1
697	386632.89 	3125048.19 	187.36 	4.94 	1	1
698	386632.86 	3125048.09 	187.38 	4.91 	1	1
699	386632.84 	3125047.94 	187.39 	4.88 	1	1
700	386632.82 	3125047.78 	187.39 	4.86 	1	1
701	386632.80 	3125047.64 	187.40 	4.83 	1	1
702	386632.78 	3125047.47 	187.42 	4.80 	1	1
703	386632.76 	3125047.33 	187.44 	4.76 	1	1
704	386632.73 	3125047.16 	187.45 	4.73 	1	1
705	386632.72 	3125047.03 	187.48 	4.69 	1	1
706	386632.70 	3125046.87 	187.49 	4.73 	1	1
707	386632.67 	3125046.61 	187.53 	5.00 	1	1
708	386632.65 	3125046.53 	187.55 	4.96 	1	1
709	386632.63 	3125046.39 	187.57 	4.92 	1	1
710	386632.60 	3125046.22 	187.60 	4.89 	1	1
711	386632.58 	3125046.08 	187.60 	4.87 	1	1
712	386632.56 	3125045.91 	187.61 	4.82 	1	1
713	386632.54 	3125045.76 	187.64 	4.80 	1	1
714	386632.52 	3125045.59 	187.64 	4.78 	1	1
715	386632.51 	3125045.46 	187.64 	4.75 	1	1
716	386632.48 	3125045.29 	187.61 	4.80 	1	1
717	386632.45 	3125045.01 	187.49 	5.07 	1	1
718	386632.45 	3125044.95 	187.49 	5.04 	1	1
719	386632.42 	3125044.80 	187.49 	5.01 	1	1
720	386632.40 	3125044.63 	187.51 	4.97 	1	1
721	386632.38 	3125044.49 	187.57 	4.95 	1	1
722	386632.36 	3125044.31 	187.62 	4.93 	1	1
723	386632.34 	3125044.17 	187.64 	4.91 	1	1
724	386632.31 	3125044.00 	187.70 	4.88 	1	1
725	386632.29 	3125043.87 	187.76 	4.85 	1	1
726	386632.26 	3125043.69 	187.81 	4.91 	1	1
727	386632.23 	3125043.39 	187.78 	5.21 	1	1
728	386632.21 	3125043.35 	187.92 	5.18 	1	1
729	386632.19 	3125043.20 	188.06 	5.16 	1	1
730	386632.17 	3125043.03 	188.26 	5.14 	1	1
731	386632.15 	3125042.88 	188.45 	5.11 	1	1
732	386632.12 	3125042.71 	188.67 	5.09 	1	1
733	386632.10 	3125042.57 	188.93 	5.07 	1	1
734	386632.07 	3125042.40 	189.20 	5.05 	1	1
735	386632.04 	3125042.25 	189.51 	5.02 	1	1
736	386632.01 	3125042.07 	189.82 	5.09 	1	1
737	386631.95 	3125041.76 	190.07 	5.41 	1	1
738	386631.93 	3125041.74 	190.43 	5.40 	1	1
739	386631.90 	3125041.59 	190.83 	5.38 	1	1
740	386631.86 	3125041.42 	191.22 	5.37 	1	1
741	386631.82 	3125041.27 	191.59 	5.35 	1	1
742	386631.78 	3125041.10 	191.98 	5.33 	1	1
743	386631.74 	3125040.95 	192.41 	5.30 	1	1
744	386631.69 	3125040.78 	192.82 	5.27 	1	1
745	386631.65 	3125040.64 	193.19 	5.25 	1	1
746	386631.61 	3125040.46 	193.56 	5.31 	1	1
747	386631.55 	3125040.16 	193.83 	5.61 	1	1
748	386631.52 	3125040.13 	194.17 	5.59 	1	1
749	386631.47 	3125039.98 	194.52 	5.57 	1	1
750	386631.42 	3125039.82 	194.87 	5.54 	1	1
751	386631.38 	3125039.66 	195.18 	5.52 	1	1
752	386631.33 	3125039.49 	195.50 	5.51 	1	1
753	386631.28 	3125039.34 	195.80 	5.52 	1	1
754	386631.23 	3125039.18 	196.06 	5.51 	1	1
755	386631.17 	3125039.02 	196.34 	5.51 	1	1
756	386631.11 	3125038.84 	196.56 	5.58 	1	1
757	386631.05 	3125038.55 	196.69 	5.88 	1	1
758	386631.01 	3125038.52 	196.92 	5.87 	1	1
759	386630.95 	3125038.36 	197.11 	5.86 	1	1
760	386630.89 	3125038.19 	197.28 	5.84 	1	1
761	386630.83 	3125038.03 	197.44 	5.82 	1	1
762	386630.78 	3125037.86 	197.58 	5.80 	1	1
763	386630.72 	3125037.71 	197.69 	5.79 	1	1
764	386630.67 	3125037.54 	197.77 	5.79 	1	1
765	386630.61 	3125037.39 	197.83 	5.77 	1	1
766	386630.55 	3125037.21 	197.87 	5.82 	1	1
767	386630.51 	3125036.93 	197.81 	6.08 	1	1
768	386630.45 	3125036.88 	197.86 	6.07 	1	1
769	386630.39 	3125036.72 	197.91 	6.06 	1	1
770	386630.33 	3125036.55 	197.93 	6.04 	1	1
771	386630.27 	3125036.39 	197.97 	6.03 	1	1
772	386630.21 	3125036.21 	198.01 	6.03 	1	1
773	386630.15 	3125036.06 	198.05 	6.03 	1	1
774	386630.08 	3125035.89 	198.10 	6.02 	1	1
775	386630.02 	3125035.74 	198.17 	6.01 	1	1
776	386629.97 	3125035.57 	198.19 	6.07 	1	1
777	386629.94 	3125035.35 	198.12 	6.30 	1	1
778	386629.87 	3125035.23 	198.16 	6.30 	1	1
779	386629.81 	3125035.07 	198.17 	6.31 	1	1
780	386629.73 	3125034.92 	198.20 	6.30 	1	1
781	386629.67 	3125034.75 	198.17 	6.29 	1	1
782	386629.62 	3125034.58 	198.16 	6.29 	1	1
783	386629.56 	3125034.41 	198.17 	6.27 	1	1
784	386629.50 	3125034.25 	198.16 	6.30 	1	1
785	386629.44 	3125034.08 	198.16 	6.35 	1	1
786	386629.37 	3125033.91 	198.10 	6.48 	1	1
787	386629.30 	3125033.71 	198.03 	6.79 	1	1
788	386629.25 	3125033.53 	197.99 	6.87 	1	1
789	386629.19 	3125033.35 	197.95 	6.93 	1	1
790	386629.12 	3125033.17 	197.86 	6.98 	1	1
791	386629.06 	3125032.98 	197.75 	7.05 	1	1
792	386629.00 	3125032.79 	197.62 	7.15 	1	1
793	386628.93 	3125032.60 	197.51 	7.26 	1	1
794	386628.87 	3125032.41 	197.37 	7.38 	1	1
795	386628.81 	3125032.21 	197.24 	7.49 	1	1
796	386628.74 	3125032.00 	197.06 	7.62 	1	1
797	386628.70 	3125031.79 	196.80 	7.80 	1	1
798	386628.62 	3125031.59 	196.66 	7.91 	1	1
799	386628.56 	3125031.38 	196.50 	8.00 	1	1
800	386628.49 	3125031.17 	196.31 	8.10 	1	1
801	386628.42 	3125030.96 	196.12 	8.20 	1	1
802	386628.35 	3125030.74 	195.88 	8.29 	1	1
803	386628.28 	3125030.52 	195.62 	8.38 	1	1
804	386628.22 	3125030.29 	195.36 	8.46 	1	1
805	386628.16 	3125030.07 	195.13 	8.54 	1	1
806	386628.10 	3125029.83 	194.80 	8.61 	1	1
807	386628.05 	3125029.60 	194.43 	8.64 	1	1
808	386627.98 	3125029.36 	194.16 	8.67 	1	1
809	386627.92 	3125029.12 	193.87 	8.69 	1	1
810	386627.86 	3125028.88 	193.61 	8.69 	1	1
811	386627.80 	3125028.65 	193.36 	8.67 	1	1
812	386627.74 	3125028.42 	193.09 	8.62 	1	1
813	386627.68 	3125028.18 	192.79 	8.58 	1	1
814	386627.61 	3125027.94 	192.47 	8.55 	1	1
815	386627.56 	3125027.71 	192.21 	8.50 	1	1
816	386627.52 	3125027.47 	191.95 	8.46 	1	1
817	386627.44 	3125027.22 	191.62 	8.48 	1	1
818	386627.41 	3125027.01 	191.38 	8.44 	1	1
819	386627.36 	3125026.78 	191.16 	8.43 	1	1
820	386627.32 	3125026.55 	190.87 	8.41 	1	1
821	386627.27 	3125026.32 	190.60 	8.38 	1	1
822	386627.21 	3125026.11 	190.32 	8.34 	1	1
823	386627.16 	3125025.89 	190.03 	8.30 	1	1
824	386627.12 	3125025.66 	189.77 	8.25 	1	1
825	386627.08 	3125025.43 	189.51 	8.20 	1	1
826	386627.04 	3125025.20 	189.26 	8.17 	1	1
827	386626.99 	3125024.98 	189.05 	8.16 	1	1
828	386626.97 	3125024.75 	188.83 	8.14 	1	1
829	386626.93 	3125024.53 	188.63 	8.09 	1	1
830	386626.90 	3125024.30 	188.48 	8.07 	1	1
831	386626.86 	3125024.07 	188.31 	8.04 	1	1
832	386626.82 	3125023.85 	188.17 	8.02 	1	1
833	386626.79 	3125023.63 	188.04 	8.00 	1	1
834	386626.76 	3125023.41 	187.92 	7.99 	1	1
835	386626.73 	3125023.20 	187.83 	7.96 	1	1
836	386626.69 	3125022.97 	187.76 	7.95 	1	1
837	386626.65 	3125022.74 	187.67 	7.99 	1	1
838	386626.61 	3125022.54 	187.62 	7.97 	1	1
839	386626.58 	3125022.32 	187.58 	7.96 	1	1
840	386626.55 	3125022.10 	187.52 	7.94 	1	1
841	386626.52 	3125021.88 	187.48 	7.92 	1	1
842	386626.48 	3125021.67 	187.45 	7.90 	1	1
843	386626.45 	3125021.45 	187.42 	7.88 	1	1
844	386626.42 	3125021.24 	187.38 	7.85 	1	1
845	386626.39 	3125021.03 	187.30 	7.83 	1	1
846	386626.36 	3125020.82 	187.18 	7.80 	1	1
847	386626.31 	3125020.62 	187.03 	7.74 	1	1
848	386626.29 	3125020.40 	186.88 	7.71 	1	1
849	386626.27 	3125020.19 	186.70 	7.69 	1	1
850	386626.25 	3125019.99 	186.55 	7.66 	1	1
851	386626.22 	3125019.78 	186.41 	7.63 	1	1
852	386626.19 	3125019.58 	186.27 	7.62 	1	1
853	386626.16 	3125019.37 	186.13 	7.59 	1	1
854	386626.14 	3125019.17 	186.01 	7.56 	1	1
855	386626.12 	3125018.96 	185.90 	7.54 	1	1
856	386626.09 	3125018.76 	185.82 	7.49 	1	1
857	386626.05 	3125018.60 	185.74 	7.30 	1	1
858	386626.04 	3125018.37 	185.71 	7.28 	1	1
859	386626.02 	3125018.17 	185.67 	7.27 	1	1
860	386626.00 	3125017.98 	185.64 	7.26 	1	1
861	386625.98 	3125017.77 	185.59 	7.26 	1	1
862	386625.95 	3125017.58 	185.56 	7.24 	1	1
863	386625.93 	3125017.38 	185.57 	7.22 	1	1
864	386625.90 	3125017.18 	185.54 	7.21 	1	1
865	386625.89 	3125016.98 	185.55 	7.20 	1	1
866	386625.86 	3125016.79 	185.55 	7.21 	1	1
867	386625.79 	3125016.60 	185.52 	7.26 	1	1
868	386625.80 	3125016.39 	185.55 	7.24 	1	1
869	386625.78 	3125016.19 	185.56 	7.24 	1	1
870	386625.76 	3125016.01 	185.53 	7.22 	1	1
871	386625.73 	3125015.81 	185.56 	7.22 	1	1
872	386625.69 	3125015.62 	185.55 	7.22 	1	1
873	386625.66 	3125015.43 	185.50 	7.23 	1	1
874	386625.65 	3125015.24 	185.50 	7.23 	1	1
875	386625.63 	3125015.04 	185.47 	7.23 	1	1
876	386625.59 	3125014.86 	185.43 	7.19 	1	1
877	386625.52 	3125014.74 	185.38 	7.01 	1	1
878	386625.54 	3125014.51 	185.39 	7.01 	1	1
879	386625.52 	3125014.32 	185.40 	7.01 	1	1
880	386625.48 	3125014.16 	185.42 	7.00 	1	1
881	386625.45 	3125013.97 	185.44 	7.01 	1	1
882	386625.43 	3125013.79 	185.44 	7.01 	1	1
883	386625.41 	3125013.60 	185.46 	7.02 	1	1
884	386625.39 	3125013.42 	185.45 	7.03 	1	1
885	386625.37 	3125013.22 	185.47 	7.04 	1	1
886	386625.34 	3125013.04 	185.48 	7.01 	1	1
887	386625.28 	3125012.92 	185.50 	6.91 	1	1
888	386625.29 	3125012.68 	185.51 	6.90 	1	1
889	386625.26 	3125012.49 	185.53 	6.90 	1	1
890	386625.24 	3125012.31 	185.52 	6.91 	1	1
891	386625.22 	3125012.12 	185.55 	6.92 	1	1
892	386625.19 	3125011.94 	185.58 	6.94 	1	1
893	386625.17 	3125011.75 	185.57 	6.96 	1	1
894	386625.16 	3125011.57 	185.56 	6.96 	1	1
895	386625.14 	3125011.37 	185.55 	6.97 	1	1
896	386625.11 	3125011.20 	185.57 	6.93 	1	1
897	386625.08 	3125011.06 	185.53 	6.74 	1	1
898	386625.06 	3125010.84 	185.54 	6.73 	1	1
899	386625.04 	3125010.65 	185.59 	6.74 	1	1
900	386625.02 	3125010.48 	185.61 	6.73 	1	1
901	386625.00 	3125010.29 	185.61 	6.72 	1	1
902	386624.97 	3125010.12 	185.64 	6.72 	1	1
903	386624.95 	3125009.93 	185.65 	6.72 	1	1
904	386624.92 	3125009.76 	185.66 	6.73 	1	1
905	386624.90 	3125009.57 	185.68 	6.74 	1	1
906	386624.88 	3125009.39 	185.69 	6.73 	1	1
907	386624.84 	3125009.24 	185.70 	6.69 	1	1
908	386624.83 	3125009.02 	185.71 	6.67 	1	1
909	386624.81 	3125008.84 	185.72 	6.67 	1	1
910	386624.79 	3125008.66 	185.75 	6.68 	1	1
911	386624.76 	3125008.48 	185.75 	6.69 	1	1
912	386624.73 	3125008.31 	185.76 	6.70 	1	1
913	386624.71 	3125008.12 	185.77 	6.71 	1	1
914	386624.68 	3125007.96 	185.79 	6.71 	1	1
915	386624.66 	3125007.78 	185.81 	6.70 	1	1
916	386624.63 	3125007.61 	185.79 	6.68 	1	1
917	386624.60 	3125007.47 	185.81 	6.56 	1	1
918	386624.59 	3125007.24 	185.78 	6.56 	1	1
919	386624.57 	3125007.07 	185.79 	6.55 	1	1
920	386624.55 	3125006.89 	185.80 	6.57 	1	1
921	386624.53 	3125006.71 	185.79 	6.57 	1	1
922	386624.48 	3125006.54 	185.80 	6.58 	1	1
923	386624.46 	3125006.36 	185.80 	6.59 	1	1
924	386624.44 	3125006.18 	185.83 	6.59 	1	1
925	386624.42 	3125005.99 	185.85 	6.60 	1	1
926	386624.38 	3125005.82 	185.86 	6.59 	1	1
927	386624.33 	3125005.67 	185.81 	6.56 	1	1
928	386624.34 	3125005.46 	185.79 	6.56 	1	1
929	386624.32 	3125005.29 	185.75 	6.56 	1	1
930	386624.29 	3125005.11 	185.74 	6.55 	1	1
931	386624.27 	3125004.92 	185.70 	6.55 	1	1
932	386624.25 	3125004.73 	185.67 	6.53 	1	1
933	386624.23 	3125004.55 	185.63 	6.54 	1	1
934	386624.21 	3125004.38 	185.59 	6.55 	1	1
935	386624.19 	3125004.20 	185.55 	6.55 	1	1
936	386624.17 	3125004.03 	185.51 	6.52 	1	1
937	386624.13 	3125003.86 	185.47 	6.35 	1	1
938	386624.12 	3125003.67 	185.42 	6.35 	1	1
939	386624.10 	3125003.50 	185.35 	6.35 	1	1
940	386624.08 	3125003.31 	185.29 	6.35 	1	1
941	386624.06 	3125003.14 	185.22 	6.35 	1	1
942	386624.03 	3125002.97 	185.16 	6.34 	1	1
943	386624.01 	3125002.79 	185.15 	6.34 	1	1
944	386623.99 	3125002.62 	185.09 	6.35 	1	1
945	386623.97 	3125002.44 	185.03 	6.36 	1	1
946	386623.94 	3125002.26 	184.97 	6.38 	1	1
947	386623.90 	3125002.07 	184.92 	6.45 	1	1
948	386623.91 	3125001.90 	184.89 	6.46 	1	1
949	386623.89 	3125001.72 	184.85 	6.46 	1	1
950	386623.86 	3125001.54 	184.79 	6.47 	1	1
951	386623.84 	3125001.37 	184.74 	6.48 	1	1
952	386623.83 	3125001.19 	184.69 	6.48 	1	1
953	386623.81 	3125001.01 	184.65 	6.46 	1	1
954	386623.79 	3125000.83 	184.63 	6.47 	1	1
955	386623.77 	3125000.66 	184.64 	6.47 	1	1
956	386623.75 	3125000.48 	184.61 	6.48 	1	1
957	386623.75 	3125000.31 	184.59 	6.47 	1	1
958	386623.72 	3125000.13 	184.63 	6.47 	1	1
959	386623.71 	3124999.95 	184.66 	6.48 	1	1
960	386623.69 	3124999.77 	184.71 	6.49 	1	1
961	386623.67 	3124999.59 	184.79 	6.49 	1	1
962	386623.65 	3124999.42 	184.85 	6.49 	1	1
963	386623.63 	3124999.24 	184.89 	6.49 	1	1
964	386623.60 	3124999.06 	184.96 	6.50 	1	1
965	386623.59 	3124998.88 	185.03 	6.48 	1	1
966	386623.57 	3124998.70 	185.09 	6.44 	1	1
967	386623.52 	3124998.54 	185.05 	6.34 	1	1
968	386623.52 	3124998.37 	185.13 	6.35 	1	1
969	386623.50 	3124998.19 	185.17 	6.35 	1	1
970	386623.48 	3124998.01 	185.22 	6.36 	1	1
971	386623.46 	3124997.83 	185.26 	6.36 	1	1
972	386623.43 	3124997.66 	185.29 	6.36 	1	1
973	386623.41 	3124997.48 	185.34 	6.35 	1	1
974	386623.39 	3124997.30 	185.38 	6.34 	1	1
975	386623.37 	3124997.13 	185.40 	6.33 	1	1
976	386623.35 	3124996.96 	185.42 	6.35 	1	1
977	386623.32 	3124996.77 	185.47 	6.41 	1	1
978	386623.30 	3124996.59 	185.48 	6.41 	1	1
979	386623.27 	3124996.42 	185.50 	6.39 	1	1
980	386623.25 	3124996.24 	185.55 	6.39 	1	1
981	386623.23 	3124996.06 	185.57 	6.37 	1	1
982	386623.21 	3124995.90 	185.62 	6.37 	1	1
983	386623.18 	3124995.72 	185.65 	6.37 	1	1
984	386623.13 	3124995.57 	185.68 	6.38 	1	1
985	386623.12 	3124995.40 	185.74 	6.38 	1	1
986	386623.08 	3124995.23 	185.78 	6.38 	1	1
987	386623.01 	3124995.10 	185.83 	6.38 	1	1
988	386623.02 	3124994.90 	185.86 	6.38 	1	1
989	386622.99 	3124994.73 	185.87 	6.35 	1	1
990	386622.96 	3124994.57 	185.88 	6.34 	1	1
991	386622.94 	3124994.39 	185.91 	6.34 	1	1
992	386622.91 	3124994.21 	185.97 	6.35 	1	1
993	386622.89 	3124994.04 	185.99 	6.34 	1	1
994	386622.86 	3124993.87 	186.02 	6.34 	1	1
995	386622.84 	3124993.69 	186.02 	6.35 	1	1
996	386622.81 	3124993.52 	186.02 	6.35 	1	1
997	386622.76 	3124993.37 	185.99 	6.36 	1	1
998	386622.76 	3124993.16 	185.99 	6.36 	1	1
999	386622.74 	3124992.99 	186.02 	6.37 	1	1
1000	386622.71 	3124992.82 	186.05 	6.38 	1	1
1001	386622.69 	3124992.64 	186.06 	6.38 	1	1
1002	386622.67 	3124992.47 	186.07 	6.39 	1	1
1003	386622.65 	3124992.29 	186.09 	6.38 	1	1
1004	386622.62 	3124992.11 	186.11 	6.40 	1	1
1005	386622.59 	3124991.93 	186.10 	6.38 	1	1
1006	386622.57 	3124991.75 	186.09 	6.42 	1	1
1007	386622.54 	3124991.56 	186.10 	6.54 	1	1
1008	386622.52 	3124991.38 	186.09 	6.55 	1	1
1009	386622.49 	3124991.20 	186.09 	6.56 	1	1
1010	386622.47 	3124991.03 	186.09 	6.57 	1	1
1011	386622.43 	3124990.85 	186.10 	6.58 	1	1
1012	386622.39 	3124990.68 	186.15 	6.60 	1	1
1013	386622.36 	3124990.49 	186.18 	6.59 	1	1
1014	386622.34 	3124990.32 	186.20 	6.58 	1	1
1015	386622.32 	3124990.14 	186.19 	6.58 	1	1
1016	386622.28 	3124989.96 	186.20 	6.57 	1	1
1017	386622.25 	3124989.79 	186.22 	6.53 	1	1
1018	386622.25 	3124989.60 	186.20 	6.56 	1	1
1019	386622.23 	3124989.42 	186.19 	6.56 	1	1
1020	386622.21 	3124989.23 	186.22 	6.55 	1	1
1021	386622.18 	3124989.06 	186.19 	6.56 	1	1
1022	386622.14 	3124988.90 	186.20 	6.58 	1	1
1023	386622.12 	3124988.71 	186.23 	6.58 	1	1
1024	386622.09 	3124988.53 	186.25 	6.59 	1	1
1025	386622.07 	3124988.35 	186.24 	6.60 	1	1
1026	386622.04 	3124988.17 	186.25 	6.61 	1	1
1027	386621.99 	3124987.99 	186.32 	6.65 	1	1
1028	386621.99 	3124987.79 	186.36 	6.64 	1	1
1029	386621.97 	3124987.61 	186.38 	6.64 	1	1
1030	386621.94 	3124987.43 	186.38 	6.64 	1	1
1031	386621.91 	3124987.25 	186.41 	6.64 	1	1
1032	386621.88 	3124987.05 	186.43 	6.64 	1	1
1033	386621.86 	3124986.87 	186.42 	6.65 	1	1
1034	386621.83 	3124986.69 	186.45 	6.65 	1	1
1035	386621.81 	3124986.51 	186.48 	6.66 	1	1
1036	386621.77 	3124986.32 	186.48 	6.68 	1	1
1037	386621.72 	3124986.12 	186.48 	6.79 	1	1
1038	386621.71 	3124985.94 	186.50 	6.79 	1	1
1039	386621.69 	3124985.76 	186.47 	6.77 	1	1
1040	386621.66 	3124985.58 	186.49 	6.77 	1	1
1041	386621.63 	3124985.40 	186.50 	6.76 	1	1
1042	386621.60 	3124985.24 	186.50 	6.74 	1	1
1043	386621.57 	3124985.06 	186.49 	6.72 	1	1
1044	386621.54 	3124984.87 	186.47 	6.73 	1	1
1045	386621.52 	3124984.69 	186.46 	6.73 	1	1
1046	386621.49 	3124984.52 	186.45 	6.70 	1	1
1047	386621.46 	3124984.36 	186.39 	6.65 	1	1
1048	386621.44 	3124984.15 	186.35 	6.64 	1	1
1049	386621.42 	3124983.96 	186.33 	6.64 	1	1
1050	386621.39 	3124983.78 	186.30 	6.61 	1	1
1051	386621.36 	3124983.60 	186.29 	6.61 	1	1
1052	386621.33 	3124983.41 	186.24 	6.59 	1	1
1053	386621.31 	3124983.23 	186.25 	6.57 	1	1
1054	386621.27 	3124983.03 	186.23 	6.56 	1	1
1055	386621.24 	3124982.86 	186.19 	6.55 	1	1
1056	386621.22 	3124982.67 	186.18 	6.56 	1	1
1057	386621.18 	3124982.47 	186.17 	6.65 	1	1
1058	386621.17 	3124982.30 	186.11 	6.64 	1	1
1059	386621.14 	3124982.11 	186.10 	6.63 	1	1
1060	386621.11 	3124981.93 	186.08 	6.63 	1	1
1061	386621.09 	3124981.75 	186.07 	6.61 	1	1
1062	386621.06 	3124981.58 	186.03 	6.60 	1	1
1063	386621.03 	3124981.40 	185.99 	6.58 	1	1
1064	386621.01 	3124981.22 	185.93 	6.55 	1	1
1065	386620.99 	3124981.04 	185.91 	6.53 	1	1
1066	386620.96 	3124980.86 	185.91 	6.54 	1	1
1067	386620.93 	3124980.67 	185.85 	6.69 	1	1
1068	386620.90 	3124980.49 	185.81 	6.69 	1	1
1069	386620.88 	3124980.30 	185.75 	6.68 	1	1
1070	386620.85 	3124980.12 	185.70 	6.66 	1	1
1071	386620.83 	3124979.93 	185.65 	6.65 	1	1
1072	386620.81 	3124979.76 	185.61 	6.64 	1	1
1073	386620.78 	3124979.58 	185.58 	6.64 	1	1
1074	386620.76 	3124979.39 	185.51 	6.64 	1	1
1075	386620.74 	3124979.20 	185.48 	6.62 	1	1
1076	386620.71 	3124979.02 	185.44 	6.60 	1	1
1077	386620.69 	3124978.84 	185.40 	6.56 	1	1
1078	386620.67 	3124978.66 	185.40 	6.51 	1	1
1079	386620.65 	3124978.48 	185.36 	6.44 	1	1
1080	386620.63 	3124978.31 	185.31 	6.37 	1	1
1081	386620.61 	3124978.13 	185.30 	6.30 	1	1
1082	386620.58 	3124977.96 	185.27 	6.18 	1	1
1083	386620.56 	3124977.79 	185.24 	6.06 	1	1
1084	386620.54 	3124977.62 	185.20 	5.92 	1	1
1085	386620.52 	3124977.46 	185.14 	5.77 	1	1
1086	386620.50 	3124977.30 	185.12 	5.64 	1	1
1087	386620.48 	3124977.15 	185.13 	5.48 	1	1
1088	386620.47 	3124977.01 	185.10 	5.33 	1	1
1089	386620.45 	3124976.86 	185.10 	5.18 	1	1
1090	386620.43 	3124976.72 	185.07 	4.97 	1	1
1091	386620.42 	3124976.59 	185.03 	4.74 	1	1
1092	386620.40 	3124976.46 	184.98 	4.48 	1	1
1093	386620.38 	3124976.34 	185.00 	4.20 	1	1
1094	386620.37 	3124976.23 	185.00 	3.87 	1	1
1095	386620.35 	3124976.13 	184.97 	3.52 	1	1
1096	386620.34 	3124976.02 	184.95 	3.24 	1	1
1097	386620.32 	3124975.90 	184.93 	3.16 	1	1
1098	386620.31 	3124975.81 	184.90 	2.81 	1	1
1099	386620.31 	3124975.74 	184.86 	2.48 	1	1
1100	386620.31 	3124975.69 	184.85 	2.15 	1	1
1101	386620.30 	3124975.64 	184.83 	1.82 	1	1
1102	386620.29 	3124975.63 	184.81 	1.50 	1	1
1103	386620.28 	3124975.60 	184.82 	1.18 	1	1
1104	386620.25 	3124975.58 	184.84 	0.88 	1	1
1105	386620.25 	3124975.56 	184.84 	0.57 	1	1
1106	386620.24 	3124975.56 	184.83 	0.29 	1	1
1107	386620.24 	3124975.60 	184.83 	0.12 	1	1
1108	386620.24 	3124975.56 	184.82 	0.15 	1	1
1109	386620.24 	3124975.57 	184.84 	0.17 	1	1
1110	386620.24 	3124975.57 	184.82 	0.14 	1	1
1111	386620.24 	3124975.57 	184.80 	0.15 	1	1
1112	386620.24 	3124975.57 	184.82 	0.17 	1	1
1113	386620.23 	3124975.56 	184.82 	0.16 	1	1
1114	386620.24 	3124975.56 	184.82 	0.16 	1	1
1115	386620.23 	3124975.56 	184.83 	0.17 	1	1
1116	386620.23 	3124975.56 	184.83 	0.16 	1	1
1117	386620.24 	3124975.57 	184.78 	0.09 	1	1
1118	386620.24 	3124975.58 	184.79 	0.10 	1	1
1119	386620.24 	3124975.58 	184.79 	0.10 	1	1
1120	386620.24 	3124975.58 	184.78 	0.11 	1	1
1121	386620.23 	3124975.58 	184.75 	0.12 	1	1
1122	386620.22 	3124975.58 	184.75 	0.13 	1	1
1123	386620.22 	3124975.58 	184.75 	0.14 	1	1
1124	386620.22 	3124975.58 	184.75 	0.15 	1	1
1125	386620.22 	3124975.58 	184.74 	0.17 	1	1
1126	386620.22 	3124975.58 	184.72 	0.16 	1	1
1127	386620.24 	3124975.58 	184.71 	0.10 	1	1
1128	386620.22 	3124975.58 	184.72 	0.11 	1	1
1129	386620.22 	3124975.59 	184.72 	0.13 	1	1
1130	386620.22 	3124975.59 	184.71 	0.14 	1	1
1131	386620.22 	3124975.58 	184.72 	0.16 	1	1
1132	386620.22 	3124975.58 	184.73 	0.17 	1	1
1133	386620.22 	3124975.58 	184.69 	0.20 	1	1
1134	386620.22 	3124975.58 	184.70 	0.22 	1	1
1135	386620.22 	3124975.59 	184.72 	0.24 	1	1
1136	386620.22 	3124975.58 	184.73 	0.24 	1	1
1137	386620.25 	3124975.57 	184.72 	0.17 	1	1
1138	386620.22 	3124975.58 	184.69 	0.19 	1	1
1139	386620.22 	3124975.58 	184.68 	0.21 	1	1
1140	386620.22 	3124975.58 	184.68 	0.23 	1	1
1141	386620.22 	3124975.58 	184.68 	0.25 	1	1
1142	386620.22 	3124975.58 	184.66 	0.27 	1	1
1143	386620.22 	3124975.59 	184.66 	0.30 	1	1
1144	386620.22 	3124975.59 	184.65 	0.32 	1	1
1145	386620.22 	3124975.59 	184.65 	0.35 	1	1
1146	386620.22 	3124975.59 	184.66 	0.34 	1	1
1147	386620.25 	3124975.56 	184.66 	0.22 	1	1
1148	386620.22 	3124975.58 	184.67 	0.24 	1	1
1149	386620.22 	3124975.58 	184.67 	0.26 	1	1
1150	386620.22 	3124975.58 	184.68 	0.29 	1	1
1151	386620.22 	3124975.59 	184.67 	0.30 	1	1
1152	386620.21 	3124975.59 	184.66 	0.32 	1	1
1153	386620.21 	3124975.60 	184.67 	0.34 	1	1
1154	386620.21 	3124975.59 	184.67 	0.36 	1	1
1155	386620.20 	3124975.60 	184.66 	0.38 	1	1
1156	386620.21 	3124975.60 	184.65 	0.36 	1	1
1157	386620.24 	3124975.56 	184.67 	0.23 	1	1
1158	386620.21 	3124975.59 	184.65 	0.24 	1	1
1159	386620.21 	3124975.60 	184.64 	0.26 	1	1
1160	386620.21 	3124975.59 	184.64 	0.28 	1	1
1161	386620.20 	3124975.60 	184.63 	0.30 	1	1
1162	386620.20 	3124975.61 	184.63 	0.32 	1	1
1163	386620.20 	3124975.61 	184.63 	0.34 	1	1
1164	386620.20 	3124975.61 	184.64 	0.37 	1	1
1165	386620.19 	3124975.61 	184.65 	0.40 	1	1
1166	386620.20 	3124975.61 	184.66 	0.39 	1	1
1167	386620.24 	3124975.57 	184.64 	0.26 	1	1
1168	386620.20 	3124975.60 	184.62 	0.24 	1	1
1169	386620.20 	3124975.60 	184.61 	0.30 	1	1
1170	386620.20 	3124975.59 	184.60 	0.40 	1	1
1171	386620.19 	3124975.58 	184.57 	0.51 	1	1
1172	386620.19 	3124975.57 	184.55 	0.64 	1	1
1173	386620.18 	3124975.55 	184.53 	0.76 	1	1
1174	386620.18 	3124975.53 	184.52 	0.89 	1	1
1175	386620.17 	3124975.50 	184.51 	1.03 	1	1
1176	386620.16 	3124975.48 	184.54 	1.16 	1	1
1177	386620.20 	3124975.46 	184.58 	1.27 	1	1
1178	386620.17 	3124975.39 	184.57 	1.42 	1	1
1179	386620.16 	3124975.35 	184.55 	1.56 	1	1
1180	386620.16 	3124975.30 	184.49 	1.72 	1	1
1181	386620.15 	3124975.24 	184.48 	1.88 	1	1
1182	386620.15 	3124975.19 	184.47 	2.03 	1	1
1183	386620.13 	3124975.13 	184.45 	2.17 	1	1
1184	386620.14 	3124975.07 	184.45 	2.30 	1	1
1185	386620.12 	3124975.01 	184.41 	2.43 	1	1
1186	386620.11 	3124974.94 	184.39 	2.54 	1	1
